20900.000000 
20900.000000 
21100.000000 
21300.000000 
21500.000000 
21700.000000 
21900.000000 
22100.000000 
22300.000000 
22500.000000 
22700.000000 
22900.000000 
23100.000000 
23300.000000 
23500.000000 
23700.000000 
23900.000000 
24100.000000 
24300.000000 
24500.000000 
24700.000000 
24900.000000 
25100.000000 
25300.000000 
25500.000000 
25700.000000 
25900.000000 
26100.000000 
26300.000000 
26500.000000 
26700.000000 
26900.000000 
27100.000000 
27300.000000 
27500.000000 
27700.000000 
27900.000000 
28100.000000 
28300.000000 
28500.000000 
28700.000000 
28900.000000 
29100.000000 
29300.000000 
29500.000000 
29700.000000 
29900.000000 
30100.000000 
30300.000000 
30500.000000 
30700.000000 
30900.000000 
31100.000000 
31300.000000 
31500.000000 
31700.000000 
31900.000000 
32100.000000 
32300.000000 
32500.000000 
32700.000000 
32900.000000 
33100.000000 
33300.000000 
33500.000000 
33700.000000 
33900.000000 
34100.000000 
34300.000000 
34500.000000 
34700.000000 
34900.000000 
35100.000000 
35300.000000 
35500.000000 
35700.000000 
35900.000000 
36100.000000 
36300.000000 
36500.000000 
36700.000000 
36900.000000 
37100.000000 
37300.000000 
37500.000000 
37700.000000 
37900.000000 
38100.000000 
38300.000000 
38500.000000 
38700.000000 
38900.000000 
39100.000000 
39300.000000 
39500.000000 
39700.000000 
39900.000000 
40100.000000 
40300.000000 
40500.000000 
40700.000000 
40900.000000 
41100.000000 
41300.000000 
41500.000000 
41700.000000 
41900.000000 
42100.000000 
42300.000000 
42500.000000 
42700.000000 
42900.000000 
43100.000000 
43300.000000 
43500.000000 
43700.000000 
43900.000000 
44100.000000 
44300.000000 
44500.000000 
44700.000000 
44900.000000 
45100.000000 
45300.000000 
45500.000000 
45700.000000 
45900.000000 
46100.000000 
46300.000000 
46500.000000 
46700.000000 
46900.000000 
47100.000000 
47300.000000 
47500.000000 
47700.000000 
47900.000000 
48100.000000 
48300.000000 
48500.000000 
48700.000000 
48900.000000 
49100.000000 
49300.000000 
49500.000000 
49700.000000 
49900.000000 
50100.000000 
50300.000000 
50500.000000 
50700.000000 
50900.000000 
51100.000000 
51300.000000 
51500.000000 
51700.000000 
51900.000000 
52100.000000 
52300.000000 
52500.000000 
52700.000000 
52900.000000 
53100.000000 
53300.000000 
53500.000000 
53700.000000 
53900.000000 
54100.000000 
54300.000000 
54500.000000 
54700.000000 
54900.000000 
55100.000000 
55300.000000 
55500.000000 
55700.000000 
55900.000000 
56100.000000 
56300.000000 
56500.000000 
56700.000000 
56900.000000 
57100.000000 
57300.000000 
57500.000000 
57700.000000 
57900.000000 
58100.000000 
58300.000000 
58500.000000 
58700.000000 
58900.000000 
59100.000000 
59300.000000 
59500.000000 
59700.000000 
59900.000000 
60100.000000 
60300.000000 
60500.000000 
60700.000000 
60900.000000 
61100.000000 
61300.000000 
61500.000000 
61700.000000 
61900.000000 
62100.000000 
62300.000000 
62500.000000 
62700.000000 
62900.000000 
63100.000000 
63300.000000 
63500.000000 
63700.000000 
63900.000000 
64100.000000 
64300.000000 
64500.000000 
64700.000000 
64900.000000 
65100.000000 
65300.000000 
65500.000000 
65700.000000 
65900.000000 
66100.000000 
66300.000000 
66500.000000 
66700.000000 
66900.000000 
67100.000000 
67300.000000 
67500.000000 
67700.000000 
67900.000000 
68100.000000 
68300.000000 
68500.000000 
68700.000000 
68900.000000 
69100.000000 
69300.000000 
69500.000000 
69700.000000 
69900.000000 
70100.000000 
70300.000000 
70500.000000 
70700.000000 
70900.000000 
71100.000000 
71300.000000 
71500.000000 
71700.000000 
71900.000000 
72100.000000 
72300.000000 
72500.000000 
72700.000000 
72900.000000 
73100.000000 
73300.000000 
73500.000000 
73700.000000 
73900.000000 
74100.000000 
74300.000000 
74500.000000 
74700.000000 
74900.000000 
75100.000000 
75300.000000 
75500.000000 
75700.000000 
75900.000000 
76100.000000 
76300.000000 
76500.000000 
76700.000000 
76900.000000 
77100.000000 
77300.000000 
77500.000000 
77700.000000 
77900.000000 
78100.000000 
78300.000000 
78500.000000 
78700.000000 
78900.000000 
79100.000000 
79300.000000 
79500.000000 
79700.000000 
79900.000000 
80100.000000 
80300.000000 
80500.000000 
80700.000000 
81000.000000 
81300.000000 
81600.000000 
81900.000000 
82284.615385 
82669.230769 
83053.846154 
83438.461538 
83823.076923 
84207.692308 
84592.307692 
84976.923077 
85361.538462 
85746.153846 
86130.769231 
86515.384615 
86900.000000 
87284.615385 
87669.230769 
88053.846154 
88438.461538 
88823.076923 
89207.692308 
89592.307692 
89976.923077 
90361.538462 
90746.153846 
91130.769231 
91515.384615 
91900.000000 
92284.615385 
92669.230769 
93053.846154 
93438.461538 
93823.076923 
94207.692308 
94592.307692 
94976.923077 
95361.538462 
95746.153846 
96130.769231 
96515.384615 
96900.000000 
97284.615385 
97669.230769 
98053.846154 
98438.461538 
98823.076923 
99207.692308 
99592.307692 
99976.923077 
100361.538462 
100746.153846 
101130.769231 
101515.384615 
101900.000000 
102284.615385 
102669.230769 
103053.846154 
103438.461538 
103823.076923 
104207.692308 
104592.307692 
104976.923077 
105361.538462 
105746.153846 
106130.769231 
106515.384615 
106900.000000 
107284.615385 
107669.230769 
108053.846154 
108438.461538 
108823.076923 
109207.692308 
109592.307692 
109976.923077 
110361.538462 
110746.153846 
111130.769231 
111515.384615 
111900.000000 
112284.615385 
112669.230769 
113053.846154 
113438.461538 
113823.076923 
114207.692308 
114592.307692 
114976.923077 
115361.538462 
115746.153846 
116130.769231 
116515.384615 
116900.000000 
117284.615385 
117669.230769 
118053.846154 
118438.461538 
118823.076923 
119207.692308 
119592.307692 
119976.923077 
120361.538462 
120746.153846 
121130.769231 
121515.384615 
121900.000000 
122284.615385 
122669.230769 
123053.846154 
123438.461538 
123823.076923 
124207.692308 
124592.307692 
124976.923077 
125361.538462 
125746.153846 
126130.769231 
126515.384615 
126900.000000 
127284.615385 
127669.230769 
128053.846154 
128438.461538 
128823.076923 
129207.692308 
129592.307692 
129976.923077 
130361.538462 
130746.153846 
131130.769231 
131515.384615 
131900.000000 
132284.615385 
132669.230769 
133053.846154 
133438.461538 
133823.076923 
134207.692308 
134592.307692 
134976.923077 
135361.538462 
135746.153846 
136130.769231 
136515.384615 
136900.000000 
137284.615385 
137669.230769 
138053.846154 
138438.461538 
138823.076923 
139207.692308 
139592.307692 
139976.923077 
140361.538462 
140746.153846 
141130.769231 
141515.384615 
141900.000000 
142284.615385 
142669.230769 
143053.846154 
143438.461538 
143823.076923 
144207.692308 
144592.307692 
144976.923077 
145361.538462 
145746.153846 
146130.769231 
146515.384615 
146900.000000 
147284.615385 
147669.230769 
148053.846154 
148438.461538 
148823.076923 
149207.692308 
149592.307692 
149976.923077 
150361.538462 
150746.153846 
151130.769231 
151515.384615 
151900.000000 
152284.615385 
152669.230769 
153053.846154 
153438.461538 
153823.076923 
154207.692308 
154592.307692 
154976.923077 
155361.538462 
155746.153846 
156130.769231 
156515.384615 
156900.000000 
157284.615385 
157669.230769 
158053.846154 
158438.461538 
158823.076923 
159207.692308 
159592.307692 
159976.923077 
160361.538462 
160746.153846 
161130.769231 
161515.384615 
161900.000000 
162284.615385 
162669.230769 
163053.846154 
163438.461538 
163823.076923 
164207.692308 
164592.307692 
164976.923077 
165361.538462 
165746.153846 
166130.769231 
166515.384615 
166900.000000 
167284.615385 
167669.230769 
168053.846154 
168438.461538 
168823.076923 
169207.692308 
169592.307692 
169976.923077 
170361.538462 
170746.153846 
171130.769231 
171515.384615 
171900.000000 
172284.615385 
172669.230769 
173053.846154 
173438.461538 
173823.076923 
174207.692308 
174592.307692 
174976.923077 
175361.538462 
175746.153846 
176130.769231 
176515.384615 
176900.000000 
177284.615385 
177669.230769 
178053.846154 
178438.461538 
178823.076923 
179207.692308 
179592.307692 
179976.923077 
180361.538462 
180746.153846 
181130.769231 
181515.384615 
181900.000000 
182284.615385 
182669.230769 
183053.846154 
183438.461538 
183823.076923 
184207.692308 
184592.307692 
184976.923077 
185361.538462 
185746.153846 
186130.769231 
186515.384615 
186900.000000 
187284.615385 
187669.230769 
188053.846154 
188438.461538 
188823.076923 
189207.692308 
189592.307692 
189976.923077 
190361.538462 
190746.153846 
191130.769231 
191515.384615 
191900.000000 
192284.615385 
192669.230769 
193053.846154 
193438.461538 
193823.076923 
194207.692308 
194592.307692 
194976.923077 
195361.538462 
195746.153846 
196130.769231 
196515.384615 
196900.000000 
197284.615385 
197669.230769 
198053.846154 
198438.461538 
198823.076923 
199207.692308 
199592.307692 
199976.923077 
200361.538462 
200746.153846 
201130.769231 
201515.384615 
201900.000000 
202284.615385 
202669.230769 
203053.846154 
203438.461538 
203823.076923 
204207.692308 
204592.307692 
204976.923077 
205361.538462 
205746.153846 
206130.769231 
206515.384615 
206900.000000 
207284.615385 
207669.230769 
208053.846154 
208438.461538 
208823.076923 
209207.692308 
209592.307692 
209976.923077 
210361.538462 
210746.153846 
211130.769231 
211515.384615 
211900.000000 
212284.615385 
212669.230769 
213053.846154 
213438.461538 
213823.076923 
214207.692308 
214592.307692 
214976.923077 
215361.538462 
215746.153846 
216130.769231 
216515.384615 
216900.000000 
217284.615385 
217669.230769 
218053.846154 
218438.461538 
218823.076923 
219207.692308 
219592.307692 
219976.923077 
220361.538462 
220746.153846 
221130.769231 
221515.384615 
221900.000000 
222284.615385 
222669.230769 
223053.846154 
223438.461538 
223823.076923 
224207.692308 
224592.307692 
224976.923077 
225361.538462 
225746.153846 
226130.769231 
226515.384615 
226900.000000 
227284.615385 
227669.230769 
228053.846154 
228438.461538 
228823.076923 
229207.692308 
229592.307692 
229976.923077 
230361.538462 
230746.153846 
231130.769231 
231515.384615 
231900.000000 
232284.615385 
232669.230769 
233053.846154 
233438.461538 
233823.076923 
234207.692308 
234592.307692 
234976.923077 
235361.538462 
235746.153846 
236130.769231 
236515.384615 
236900.000000 
237284.615385 
237669.230769 
238053.846154 
238438.461538 
238823.076923 
239207.692308 
239592.307692 
239976.923077 
240361.538462 
240746.153846 
241130.769231 
241515.384615 
241900.000000 
242284.615385 
242669.230769 
243053.846154 
243438.461538 
243823.076923 
244207.692308 
244592.307692 
244976.923077 
245361.538462 
245746.153846 
246130.769231 
246515.384615 
246900.000000 
247284.615385 
247669.230769 
248053.846154 
248438.461538 
248823.076923 
249207.692308 
249592.307692 
249976.923077 
250361.538462 
250746.153846 
251130.769231 
251515.384615 
251900.000000 
252284.615385 
252669.230769 
253053.846154 
253438.461538 
253823.076923 
254207.692308 
254592.307692 
254976.923077 
255361.538462 
255746.153846 
256130.769231 
256515.384615 
256900.000000 
257284.615385 
257669.230769 
258053.846154 
258438.461538 
258823.076923 
259207.692308 
259592.307692 
259976.923077 
260361.538462 
260746.153846 
261130.769231 
261515.384615 
261900.000000 
262284.615385 
262669.230769 
263053.846154 
263438.461538 
263823.076923 
264207.692308 
264592.307692 
264976.923077 
265361.538462 
265746.153846 
266130.769231 
266515.384615 
266900.000000 
267284.615385 
267669.230769 
268053.846154 
268438.461538 
268823.076923 
269207.692308 
269592.307692 
269976.923077 
270361.538462 
270746.153846 
271130.769231 
271515.384615 
271900.000000 
272284.615385 
272669.230769 
273053.846154 
273438.461538 
273823.076923 
274207.692308 
274592.307692 
274976.923077 
275361.538462 
275746.153846 
276130.769231 
276515.384615 
276900.000000 
277284.615385 
277669.230769 
278053.846154 
278438.461538 
278823.076923 
279207.692308 
279592.307692 
279976.923077 
280361.538462 
280746.153846 
281130.769231 
281515.384615 
281900.000000 
281900.000000 
281900.000000 
281900.000000 
281900.000000 
281900.000000 
281900.000000 
281900.000000 
281900.000000 
281900.000000 
281900.000000 
281900.000000 
281900.000000 
281900.000000 
281900.000000 
281900.000000 
281900.000000 
281900.000000 
281900.000000 
281900.000000 
281900.000000 
281900.000000 
281900.000000 
281900.000000 
281900.000000 
281900.000000 
281900.000000 
281900.000000 
281900.000000 
281900.000000 
281900.000000 
281900.000000 
281900.000000 
281900.000000 
281900.000000 
281900.000000 
281900.000000 
281900.000000 
281900.000000 
281900.000000 
281900.000000 
281900.000000 
281900.000000 
281900.000000 
281900.000000 
281900.000000 
281900.000000 
281900.000000 
281900.000000 
281900.000000 
281900.000000 
281900.000000 
281900.000000 
281900.000000 
281900.000000 
281900.000000 
281900.000000 
281900.000000 
281900.000000 
281900.000000 
281900.000000 
281900.000000 
281900.000000 
281900.000000 
281900.000000 
281900.000000 
281900.000000 
281900.000000 
281900.000000 
281900.000000 
281900.000000 
281900.000000 
281900.000000 
281900.000000 
281900.000000 
281900.000000 
281900.000000 
281900.000000 
281900.000000 
281900.000000 
281900.000000 
281900.000000 
281900.000000 
281900.000000 
281900.000000 
281900.000000 
281900.000000 
281900.000000 
281900.000000 
281900.000000 
281900.000000 
281900.000000 
281900.000000 
281900.000000 
281900.000000 
281900.000000 
281900.000000 
281900.000000 
281900.000000 
281900.000000 
281900.000000 
281900.000000 
281900.000000 
281900.000000 
281900.000000 
281900.000000 
281900.000000 
281900.000000 
281900.000000 
281900.000000 
281900.000000 
281900.000000 
281900.000000 
281900.000000 
281900.000000 
281900.000000 
281900.000000 
281900.000000 
281900.000000 
281900.000000 
281900.000000 
281900.000000 
281900.000000 
281900.000000 
281900.000000 
281900.000000 
281900.000000 
281900.000000 
281900.000000 
281900.000000 
281900.000000 
281900.000000 
281900.000000 
281900.000000 
281900.000000 
281900.000000 
281900.000000 
281900.000000 
281900.000000 
281900.000000 
281900.000000 
281900.000000 
281900.000000 
281900.000000 
281900.000000 
281900.000000 
281900.000000 
281900.000000 
281900.000000 
281900.000000 
281900.000000 
281900.000000 
281900.000000 
281900.000000 
281900.000000 
281900.000000 
281900.000000 
281900.000000 
281900.000000 
281900.000000 
281900.000000 
281900.000000 
281900.000000 
281900.000000 
281900.000000 
281900.000000 
281900.000000 
281900.000000 
281900.000000 
281900.000000 
281900.000000 
281900.000000 
281900.000000 
281900.000000 
281900.000000 
281900.000000 
281900.000000 
281900.000000 
281900.000000 
281900.000000 
281900.000000 
281900.000000 
281900.000000 
281900.000000 
281900.000000 
281900.000000 
281900.000000 
281900.000000 
281900.000000 
281900.000000 
281900.000000 
281900.000000 
281900.000000 
281900.000000 
281900.000000 
281900.000000 
281900.000000 
281900.000000 
281900.000000 
281900.000000 
281900.000000 
281900.000000 
281900.000000 
281900.000000 
281900.000000 
281900.000000 
281900.000000 
281900.000000 
281900.000000 
281900.000000 
281900.000000 
281900.000000 
281900.000000 
281900.000000 
281900.000000 
281900.000000 
281900.000000 
281900.000000 
281900.000000 
281900.000000 
281900.000000 
281900.000000 
281900.000000 
281900.000000 
281900.000000 
281900.000000 
281900.000000 
281900.000000 
281900.000000 
281900.000000 
281900.000000 
281900.000000 
281900.000000 
281900.000000 
281900.000000 
281900.000000 
281900.000000 
281900.000000 
281900.000000 
281900.000000 
281900.000000 
281900.000000 
281900.000000 
281900.000000 
281900.000000 
281900.000000 
281900.000000 
281900.000000 
281900.000000 
281900.000000 
281900.000000 
281900.000000 
281900.000000 
281900.000000 
281900.000000 
281900.000000 
281900.000000 
281900.000000 
281900.000000 
281900.000000 
281900.000000 
281900.000000 
281900.000000 
281900.000000 
281900.000000 
281900.000000 
281900.000000 
281900.000000 
281900.000000 
281900.000000 
281900.000000 
281900.000000 
281900.000000 
281900.000000 
281900.000000 
281900.000000 
281900.000000 
281900.000000 
281900.000000 
281900.000000 
281900.000000 
281900.000000 
281900.000000 
281900.000000 
281900.000000 
281900.000000 
281900.000000 
281900.000000 
281900.000000 
281900.000000 
281900.000000 
281900.000000 
281900.000000 
281900.000000 
281900.000000 
281900.000000 
281900.000000 
281900.000000 
281900.000000 
281900.000000 
281900.000000 
281900.000000 
281900.000000 
281900.000000 
281900.000000 
281900.000000 
281900.000000 
281900.000000 
281900.000000 
281900.000000 
281900.000000 
281900.000000 
281900.000000 
281900.000000 
281900.000000 
281900.000000 
281900.000000 
281900.000000 
281900.000000 
281900.000000 
281900.000000 
281900.000000 
281900.000000 
281900.000000 
281900.000000 
281900.000000 
281900.000000 
281900.000000 
281900.000000 
281900.000000 
281900.000000 
281900.000000 
281900.000000 
281900.000000 
281900.000000 
281900.000000 
281900.000000 
281900.000000 
281900.000000 
281900.000000 
281900.000000 
281900.000000 
281900.000000 
281900.000000 
281900.000000 
281900.000000 
281900.000000 
281900.000000 
281900.000000 
281900.000000 
281900.000000 
281900.000000 
281900.000000 
281900.000000 
281900.000000 
281900.000000 
281900.000000 
281900.000000 
281900.000000 
281900.000000 
281900.000000 
281900.000000 
281900.000000 
281900.000000 
281900.000000 
281900.000000 
281900.000000 
281900.000000 
281900.000000 
281900.000000 
281900.000000 
281900.000000 
281900.000000 
281900.000000 
281900.000000 
281900.000000 
281900.000000 
281900.000000 
281900.000000 
281900.000000 
281900.000000 
281900.000000 
281900.000000 
281900.000000 
281900.000000 
281900.000000 
281900.000000 
281900.000000 
281900.000000 
281900.000000 
281900.000000 
281900.000000 
281900.000000 
281900.000000 
281900.000000 
281900.000000 
281900.000000 
281900.000000 
281900.000000 
281900.000000 
281900.000000 
281900.000000 
281900.000000 
281900.000000 
281900.000000 
281900.000000 
281900.000000 
281900.000000 
281900.000000 
281900.000000 
281900.000000 
281900.000000 
281900.000000 
281900.000000 
281900.000000 
281900.000000 
281900.000000 
281900.000000 
281900.000000 
281900.000000 
281900.000000 
281900.000000 
281900.000000 
281900.000000 
281900.000000 
281900.000000 
281900.000000 
281900.000000 
281900.000000 
281900.000000 
281900.000000 
281900.000000 
281900.000000 
281900.000000 
281900.000000 
281900.000000 
281900.000000 
281900.000000 
281900.000000 
281900.000000 
281900.000000 
281900.000000 
281900.000000 
281900.000000 
281900.000000 
281900.000000 
281900.000000 
281900.000000 
281900.000000 
281900.000000 
281900.000000 
281900.000000 
281900.000000 
281900.000000 
281900.000000 
281900.000000 
281900.000000 
281900.000000 
281900.000000 
281900.000000 
281900.000000 
281900.000000 
281900.000000 
281900.000000 
281900.000000 
281900.000000 
281900.000000 
281900.000000 
281900.000000 
281900.000000 
281900.000000 
281900.000000 
281900.000000 
281900.000000 
281900.000000 
281900.000000 
281900.000000 
281900.000000 
281900.000000 
281900.000000 
281900.000000 
281900.000000 
281900.000000 
281900.000000 
281900.000000 
281900.000000 
281900.000000 
281900.000000 
281900.000000 
281900.000000 
281900.000000 
281900.000000 
281900.000000 
281900.000000 
281900.000000 
281900.000000 
281900.000000 
281900.000000 
281900.000000 
281900.000000 
281900.000000 
281900.000000 
281900.000000 
281900.000000 
281900.000000 
281900.000000 
281900.000000 
281900.000000 
281900.000000 
281900.000000 
281900.000000 
281900.000000 
281900.000000 
281900.000000 
281900.000000 
281900.000000 
281900.000000 
281900.000000 
281900.000000 
281900.000000 
281900.000000 
281900.000000 
281900.000000 
281900.000000 
281900.000000 
281900.000000 
281900.000000 
281900.000000 
281900.000000 
281900.000000 
281900.000000 
281900.000000 
281900.000000 
281900.000000 
281900.000000 
281900.000000 
281900.000000 
281900.000000 
281900.000000 
281900.000000 
281900.000000 
281900.000000 
281900.000000 
281900.000000 
281900.000000 
281900.000000 
281900.000000 
281900.000000 
281900.000000 
281900.000000 
281900.000000 
281900.000000 
281900.000000 
281900.000000 
281900.000000 
281900.000000 
281900.000000 
281900.000000 
281900.000000 
281900.000000 
281900.000000 
281900.000000 
281900.000000 
281900.000000 
281900.000000 
281900.000000 
281900.000000 
281900.000000 
281900.000000 
281900.000000 
281900.000000 
281900.000000 
281900.000000 
281900.000000 
281900.000000 
281900.000000 
281900.000000 
281900.000000 
281900.000000 
281900.000000 
281900.000000 
281900.000000 
281900.000000 
281900.000000 
281900.000000 
281900.000000 
281900.000000 
281900.000000 
281900.000000 
281900.000000 
281900.000000 
281900.000000 
281900.000000 
281900.000000 
281900.000000 
281900.000000 
281900.000000 
281900.000000 
281900.000000 
281900.000000 
281900.000000 
281900.000000 
281900.000000 
281900.000000 
281900.000000 
281900.000000 
281900.000000 
281900.000000 
281900.000000 
281900.000000 
281900.000000 
281900.000000 
281900.000000 
281900.000000 
281900.000000 
281900.000000 
281900.000000 
281900.000000 
281900.000000 
281900.000000 
281900.000000 
281900.000000 
281900.000000 
281900.000000 
281900.000000 
281900.000000 
281900.000000 
281900.000000 
281900.000000 
281900.000000 
281900.000000 
281900.000000 
281900.000000 
281900.000000 
281900.000000 
281900.000000 
281900.000000 
281900.000000 
281900.000000 
281900.000000 
281900.000000 
281900.000000 
281900.000000 
281900.000000 
281900.000000 
281900.000000 
281900.000000 
281900.000000 
281900.000000 
281900.000000 
281900.000000 
281900.000000 
281900.000000 
281900.000000 
281900.000000 
281900.000000 
281900.000000 
281900.000000 
281900.000000 
281900.000000 
281900.000000 
281900.000000 
281900.000000 
281900.000000 
281900.000000 
281900.000000 
281900.000000 
281900.000000 
281900.000000 
281900.000000 
281900.000000 
281900.000000 
281900.000000 
281900.000000 
281900.000000 
281900.000000 
281900.000000 
281900.000000 
281900.000000 
281900.000000 
281900.000000 
281900.000000 
281900.000000 
281900.000000 
281900.000000 
281900.000000 
281900.000000 
281900.000000 
281900.000000 
281900.000000 
281900.000000 
281900.000000 
281900.000000 
281900.000000 
281900.000000 
281900.000000 
281900.000000 
281900.000000 
281900.000000 
281900.000000 
281900.000000 
281900.000000 
281900.000000 
281900.000000 
281900.000000 
281900.000000 
281900.000000 
281900.000000 
281900.000000 
281900.000000 
281900.000000 
281900.000000 
281900.000000 
281900.000000 
281900.000000 
281900.000000 
281900.000000 
281900.000000 
281900.000000 
281900.000000 
281900.000000 
281900.000000 
281900.000000 
281900.000000 
281900.000000 
281900.000000 
281900.000000 
281900.000000 
281900.000000 
281900.000000 
281900.000000 
281900.000000 
281900.000000 
281900.000000 
281900.000000 
281900.000000 
281900.000000 
281900.000000 
281900.000000 
281900.000000 
281900.000000 
281900.000000 
281900.000000 
281900.000000 
281900.000000 
281900.000000 
281900.000000 
281900.000000 
281900.000000 
281900.000000 
281900.000000 
281900.000000 
281900.000000 
281900.000000 
281900.000000 
281900.000000 
281900.000000 
281900.000000 
281900.000000 
281900.000000 
281900.000000 
281900.000000 
281900.000000 
281900.000000 
281900.000000 
281900.000000 
281900.000000 
281900.000000 
281900.000000 
281900.000000 
281900.000000 
281900.000000 
281900.000000 
281900.000000 
281900.000000 
281900.000000 
281900.000000 
281900.000000 
281900.000000 
281900.000000 
281900.000000 
281900.000000 
281900.000000 
281900.000000 
281900.000000 
281900.000000 
281900.000000 
281900.000000 
281900.000000 
281900.000000 
281900.000000 
281900.000000 
281900.000000 
281900.000000 
281900.000000 
281900.000000 
281900.000000 
281900.000000 
281900.000000 
281900.000000 
281900.000000 
281900.000000 
281900.000000 
281900.000000 
281900.000000 
281900.000000 
281900.000000 
281900.000000 
281900.000000 
281900.000000 
281900.000000 
281900.000000 
281900.000000 
281900.000000 
281900.000000 
281900.000000 
281900.000000 
281900.000000 
281900.000000 
281900.000000 
281900.000000 
281900.000000 
281900.000000 
281900.000000 
281900.000000 
281900.000000 
281900.000000 
281900.000000 
281900.000000 
281900.000000 
281900.000000 
281900.000000 
281900.000000 
281900.000000 
281900.000000 
281900.000000 
281900.000000 
281900.000000 
281900.000000 
281900.000000 
281900.000000 
281900.000000 
281900.000000 
281900.000000 
281900.000000 
281900.000000 
281900.000000 
281900.000000 
281900.000000 
281900.000000 
281900.000000 
281900.000000 
281900.000000 
281900.000000 
281900.000000 
281900.000000 
281900.000000 
281900.000000 
281900.000000 
281900.000000 
281900.000000 
281900.000000 
281900.000000 
281900.000000 
281900.000000 
281900.000000 
281900.000000 
281900.000000 
281900.000000 
281900.000000 
281900.000000 
281900.000000 
281900.000000 
281900.000000 
281900.000000 
281900.000000 
281900.000000 
281900.000000 
281900.000000 
281900.000000 
281900.000000 
281900.000000 
281900.000000 
281900.000000 
281900.000000 
281900.000000 
281900.000000 
281900.000000 
281900.000000 
281900.000000 
281900.000000 
281900.000000 
281900.000000 
281900.000000 
281900.000000 
281900.000000 
281900.000000 
281900.000000 
281900.000000 
281900.000000 
281900.000000 
281900.000000 
281900.000000 
281900.000000 
281900.000000 
281900.000000 
281900.000000 
281900.000000 
281900.000000 
281900.000000 
281900.000000 
281900.000000 
281900.000000 
281900.000000 
281900.000000 
281900.000000 
281900.000000 
281900.000000 
281900.000000 
281900.000000 
281900.000000 
281900.000000 
281900.000000 
281900.000000 
281900.000000 
281900.000000 
281900.000000 
281900.000000 
281900.000000 
281900.000000 
281900.000000 
281900.000000 
281900.000000 
281900.000000 
281900.000000 
281900.000000 
281900.000000 
281900.000000 
281900.000000 
281900.000000 
281900.000000 
281900.000000 
281900.000000 
281900.000000 
281900.000000 
281900.000000 
281900.000000 
281900.000000 
281900.000000 
281900.000000 
281900.000000 
281900.000000 
281900.000000 
281900.000000 
281900.000000 
281900.000000 
281900.000000 
281900.000000 
281900.000000 
281900.000000 
281900.000000 
281900.000000 
281900.000000 
281900.000000 
281900.000000 
281900.000000 
281900.000000 
281900.000000 
281900.000000 
281900.000000 
281900.000000 
281900.000000 
281900.000000 
281900.000000 
281900.000000 
281900.000000 
281900.000000 
281900.000000 
281900.000000 
281900.000000 
281900.000000 
281900.000000 
281900.000000 
281900.000000 
281900.000000 
281900.000000 
281900.000000 
281900.000000 
281900.000000 
281900.000000 
281900.000000 
281900.000000 
281900.000000 
281900.000000 
281900.000000 
281900.000000 
281900.000000 
281900.000000 
281900.000000 
281900.000000 
281900.000000 
281900.000000 
281900.000000 
281900.000000 
281900.000000 
281900.000000 
281900.000000 
281900.000000 
281900.000000 
281900.000000 
281900.000000 
281900.000000 
281900.000000 
281900.000000 
281900.000000 
281900.000000 
281900.000000 
281900.000000 
281900.000000 
281900.000000 
281900.000000 
281900.000000 
281900.000000 
281900.000000 
281900.000000 
281900.000000 
281900.000000 
281900.000000 
281900.000000 
281900.000000 
281900.000000 
281900.000000 
281900.000000 
281900.000000 
281900.000000 
281900.000000 
281900.000000 
281900.000000 
281900.000000 
281900.000000 
281900.000000 
281900.000000 
281900.000000 
281900.000000 
281900.000000 
281900.000000 
281900.000000 
281900.000000 
281900.000000 
281900.000000 
281900.000000 
281900.000000 
281900.000000 
281900.000000 
281900.000000 
281900.000000 
281900.000000 
281900.000000 
281900.000000 
281900.000000 
281900.000000 
281900.000000 
281900.000000 
281900.000000 
281900.000000 
281900.000000 
281900.000000 
281900.000000 
281900.000000 
281900.000000 
281900.000000 
281900.000000 
281900.000000 
281900.000000 
281900.000000 
281900.000000 
281900.000000 
281900.000000 
281900.000000 
281900.000000 
281900.000000 
281900.000000 
281900.000000 
281900.000000 
281900.000000 
281900.000000 
281900.000000 
281900.000000 
281900.000000 
281900.000000 
281900.000000 
281900.000000 
281900.000000 
281900.000000 
281900.000000 
281900.000000 
281900.000000 
281900.000000 
281900.000000 
281900.000000 
281900.000000 
281900.000000 
281900.000000 
281900.000000 
281900.000000 
281900.000000 
281900.000000 
281900.000000 
281900.000000 
281900.000000 
281900.000000 
281900.000000 
281900.000000 
281900.000000 
281900.000000 
281900.000000 
281900.000000 
281900.000000 
281900.000000 
281900.000000 
281900.000000 
281900.000000 
281900.000000 
281900.000000 
281900.000000 
281900.000000 
281900.000000 
281900.000000 
281900.000000 
281900.000000 
281900.000000 
281900.000000 
281900.000000 
281900.000000 
281900.000000 
281900.000000 
281900.000000 
281900.000000 
281900.000000 
281900.000000 
281900.000000 
281900.000000 
281900.000000 
281900.000000 
281900.000000 
281900.000000 
281900.000000 
281900.000000 
281900.000000 
281900.000000 
281900.000000 
281900.000000 
281900.000000 
281900.000000 
281900.000000 
281900.000000 
281900.000000 
281900.000000 
281900.000000 
281900.000000 
281900.000000 
281900.000000 
281900.000000 
281900.000000 
281900.000000 
281900.000000 
281900.000000 
281900.000000 
281900.000000 
281900.000000 
281900.000000 
281900.000000 
281900.000000 
281900.000000 
281900.000000 
281900.000000 
