20900.000000 
20900.000000 
21100.000000 
21300.000000 
21500.000000 
21700.000000 
21900.000000 
22100.000000 
22300.000000 
22500.000000 
22700.000000 
22900.000000 
23100.000000 
23300.000000 
23500.000000 
23700.000000 
23900.000000 
24100.000000 
24300.000000 
24500.000000 
24700.000000 
24900.000000 
25100.000000 
25300.000000 
25500.000000 
25700.000000 
25900.000000 
26100.000000 
26300.000000 
26500.000000 
26700.000000 
26900.000000 
27100.000000 
27300.000000 
27500.000000 
27700.000000 
27900.000000 
28100.000000 
28300.000000 
28500.000000 
28700.000000 
28900.000000 
29100.000000 
29300.000000 
29500.000000 
29700.000000 
29900.000000 
30100.000000 
30300.000000 
30500.000000 
30700.000000 
30900.000000 
31100.000000 
31300.000000 
31500.000000 
31700.000000 
31900.000000 
32100.000000 
32300.000000 
32500.000000 
32700.000000 
32900.000000 
33100.000000 
33300.000000 
33500.000000 
33700.000000 
33900.000000 
34100.000000 
34300.000000 
34500.000000 
34700.000000 
34900.000000 
35100.000000 
35300.000000 
35500.000000 
35700.000000 
35900.000000 
36100.000000 
36300.000000 
36500.000000 
36700.000000 
36900.000000 
37100.000000 
37300.000000 
37500.000000 
37700.000000 
37900.000000 
38100.000000 
38300.000000 
38500.000000 
38700.000000 
38900.000000 
39100.000000 
39300.000000 
39500.000000 
39700.000000 
39900.000000 
40100.000000 
40300.000000 
40500.000000 
40700.000000 
40900.000000 
41100.000000 
41300.000000 
41500.000000 
41700.000000 
41900.000000 
42100.000000 
42300.000000 
42500.000000 
42700.000000 
42900.000000 
43100.000000 
43300.000000 
43500.000000 
43700.000000 
43900.000000 
44100.000000 
44300.000000 
44500.000000 
44700.000000 
44900.000000 
45100.000000 
45300.000000 
45500.000000 
45700.000000 
45900.000000 
46100.000000 
46300.000000 
46500.000000 
46700.000000 
46900.000000 
47100.000000 
47300.000000 
47500.000000 
47700.000000 
47900.000000 
48100.000000 
48300.000000 
48500.000000 
48700.000000 
48900.000000 
49100.000000 
49300.000000 
49500.000000 
49700.000000 
49900.000000 
50100.000000 
50300.000000 
50500.000000 
50700.000000 
50900.000000 
51100.000000 
51300.000000 
51500.000000 
51700.000000 
51900.000000 
52100.000000 
52300.000000 
52500.000000 
52700.000000 
52900.000000 
53100.000000 
53300.000000 
53500.000000 
53700.000000 
53900.000000 
54100.000000 
54300.000000 
54500.000000 
54700.000000 
54900.000000 
55100.000000 
55300.000000 
55500.000000 
55700.000000 
55900.000000 
56100.000000 
56300.000000 
56500.000000 
56700.000000 
56900.000000 
57100.000000 
57300.000000 
57500.000000 
57700.000000 
57900.000000 
58100.000000 
58300.000000 
58500.000000 
58700.000000 
58900.000000 
59100.000000 
59300.000000 
59500.000000 
59700.000000 
59900.000000 
60100.000000 
60300.000000 
60500.000000 
60700.000000 
60900.000000 
61100.000000 
61300.000000 
61500.000000 
61700.000000 
61900.000000 
62100.000000 
62300.000000 
62500.000000 
62700.000000 
62900.000000 
63100.000000 
63300.000000 
63500.000000 
63700.000000 
63900.000000 
64100.000000 
64300.000000 
64500.000000 
64700.000000 
64900.000000 
65100.000000 
65300.000000 
65500.000000 
65700.000000 
65900.000000 
66100.000000 
66300.000000 
66500.000000 
66700.000000 
66900.000000 
67100.000000 
67300.000000 
67500.000000 
67700.000000 
67900.000000 
68100.000000 
68300.000000 
68500.000000 
68700.000000 
68900.000000 
69100.000000 
69300.000000 
69500.000000 
69700.000000 
69900.000000 
70100.000000 
70300.000000 
70500.000000 
70700.000000 
70900.000000 
71100.000000 
71300.000000 
71500.000000 
71700.000000 
71900.000000 
72100.000000 
72300.000000 
72500.000000 
72700.000000 
72900.000000 
73100.000000 
73300.000000 
73500.000000 
73700.000000 
73900.000000 
74100.000000 
74300.000000 
74500.000000 
74700.000000 
74900.000000 
75100.000000 
75300.000000 
75500.000000 
75700.000000 
75900.000000 
76100.000000 
76300.000000 
76500.000000 
76700.000000 
76900.000000 
77100.000000 
77300.000000 
77500.000000 
77700.000000 
77900.000000 
78100.000000 
78300.000000 
78500.000000 
78700.000000 
78900.000000 
79100.000000 
79300.000000 
79500.000000 
79700.000000 
79900.000000 
80100.000000 
80300.000000 
80500.000000 
80700.000000 
81000.000000 
81300.000000 
81600.000000 
81900.000000 
82212.500000 
82525.000000 
82837.500000 
83150.000000 
83462.500000 
83775.000000 
84087.500000 
84400.000000 
84712.500000 
85025.000000 
85337.500000 
85650.000000 
85962.500000 
86275.000000 
86587.500000 
86900.000000 
87212.500000 
87525.000000 
87837.500000 
88150.000000 
88462.500000 
88775.000000 
89087.500000 
89400.000000 
89712.500000 
90025.000000 
90337.500000 
90650.000000 
90962.500000 
91275.000000 
91587.500000 
91900.000000 
92212.500000 
92525.000000 
92837.500000 
93150.000000 
93462.500000 
93775.000000 
94087.500000 
94400.000000 
94712.500000 
95025.000000 
95337.500000 
95650.000000 
95962.500000 
96275.000000 
96587.500000 
96900.000000 
97212.500000 
97525.000000 
97837.500000 
98150.000000 
98462.500000 
98775.000000 
99087.500000 
99400.000000 
99712.500000 
100025.000000 
100337.500000 
100650.000000 
100962.500000 
101275.000000 
101587.500000 
101900.000000 
102212.500000 
102525.000000 
102837.500000 
103150.000000 
103462.500000 
103775.000000 
104087.500000 
104400.000000 
104712.500000 
105025.000000 
105337.500000 
105650.000000 
105962.500000 
106275.000000 
106587.500000 
106900.000000 
107212.500000 
107525.000000 
107837.500000 
108150.000000 
108462.500000 
108775.000000 
109087.500000 
109400.000000 
109712.500000 
110025.000000 
110337.500000 
110650.000000 
110962.500000 
111275.000000 
111587.500000 
111900.000000 
112212.500000 
112525.000000 
112837.500000 
113150.000000 
113462.500000 
113775.000000 
114087.500000 
114400.000000 
114712.500000 
115025.000000 
115337.500000 
115650.000000 
115962.500000 
116275.000000 
116587.500000 
116900.000000 
117212.500000 
117525.000000 
117837.500000 
118150.000000 
118462.500000 
118775.000000 
119087.500000 
119400.000000 
119712.500000 
120025.000000 
120337.500000 
120650.000000 
120962.500000 
121275.000000 
121587.500000 
121900.000000 
122212.500000 
122525.000000 
122837.500000 
123150.000000 
123462.500000 
123775.000000 
124087.500000 
124400.000000 
124712.500000 
125025.000000 
125337.500000 
125650.000000 
125962.500000 
126275.000000 
126587.500000 
126900.000000 
127212.500000 
127525.000000 
127837.500000 
128150.000000 
128462.500000 
128775.000000 
129087.500000 
129400.000000 
129712.500000 
130025.000000 
130337.500000 
130650.000000 
130962.500000 
131275.000000 
131587.500000 
131900.000000 
132212.500000 
132525.000000 
132837.500000 
133150.000000 
133462.500000 
133775.000000 
134087.500000 
134400.000000 
134712.500000 
135025.000000 
135337.500000 
135650.000000 
135962.500000 
136275.000000 
136587.500000 
136900.000000 
137212.500000 
137525.000000 
137837.500000 
138150.000000 
138462.500000 
138775.000000 
139087.500000 
139400.000000 
139712.500000 
140025.000000 
140337.500000 
140650.000000 
140962.500000 
141275.000000 
141587.500000 
141900.000000 
142212.500000 
142525.000000 
142837.500000 
143150.000000 
143462.500000 
143775.000000 
144087.500000 
144400.000000 
144712.500000 
145025.000000 
145337.500000 
145650.000000 
145962.500000 
146275.000000 
146587.500000 
146900.000000 
147212.500000 
147525.000000 
147837.500000 
148150.000000 
148462.500000 
148775.000000 
149087.500000 
149400.000000 
149712.500000 
150025.000000 
150337.500000 
150650.000000 
150962.500000 
151275.000000 
151587.500000 
151900.000000 
152212.500000 
152525.000000 
152837.500000 
153150.000000 
153462.500000 
153775.000000 
154087.500000 
154400.000000 
154712.500000 
155025.000000 
155337.500000 
155650.000000 
155962.500000 
156275.000000 
156587.500000 
156900.000000 
157212.500000 
157525.000000 
157837.500000 
158150.000000 
158462.500000 
158775.000000 
159087.500000 
159400.000000 
159712.500000 
160025.000000 
160337.500000 
160650.000000 
160962.500000 
161275.000000 
161587.500000 
161900.000000 
162212.500000 
162525.000000 
162837.500000 
163150.000000 
163462.500000 
163775.000000 
164087.500000 
164400.000000 
164712.500000 
165025.000000 
165337.500000 
165650.000000 
165962.500000 
166275.000000 
166587.500000 
166900.000000 
167212.500000 
167525.000000 
167837.500000 
168150.000000 
168462.500000 
168775.000000 
169087.500000 
169400.000000 
169712.500000 
170025.000000 
170337.500000 
170650.000000 
170962.500000 
171275.000000 
171587.500000 
171900.000000 
172212.500000 
172525.000000 
172837.500000 
173150.000000 
173462.500000 
173775.000000 
174087.500000 
174400.000000 
174712.500000 
175025.000000 
175337.500000 
175650.000000 
175962.500000 
176275.000000 
176587.500000 
176900.000000 
177212.500000 
177525.000000 
177837.500000 
178150.000000 
178462.500000 
178775.000000 
179087.500000 
179400.000000 
179712.500000 
180025.000000 
180337.500000 
180650.000000 
180962.500000 
181275.000000 
181587.500000 
181900.000000 
182212.500000 
182525.000000 
182837.500000 
183150.000000 
183462.500000 
183775.000000 
184087.500000 
184400.000000 
184712.500000 
185025.000000 
185337.500000 
185650.000000 
185962.500000 
186275.000000 
186587.500000 
186900.000000 
187212.500000 
187525.000000 
187837.500000 
188150.000000 
188462.500000 
188775.000000 
189087.500000 
189400.000000 
189712.500000 
190025.000000 
190337.500000 
190650.000000 
190962.500000 
191275.000000 
191587.500000 
191900.000000 
192212.500000 
192525.000000 
192837.500000 
193150.000000 
193462.500000 
193775.000000 
194087.500000 
194400.000000 
194712.500000 
195025.000000 
195337.500000 
195650.000000 
195962.500000 
196275.000000 
196587.500000 
196900.000000 
197212.500000 
197525.000000 
197837.500000 
198150.000000 
198462.500000 
198775.000000 
199087.500000 
199400.000000 
199712.500000 
200025.000000 
200337.500000 
200650.000000 
200962.500000 
201275.000000 
201587.500000 
201900.000000 
202212.500000 
202525.000000 
202837.500000 
203150.000000 
203462.500000 
203775.000000 
204087.500000 
204400.000000 
204712.500000 
205025.000000 
205337.500000 
205650.000000 
205962.500000 
206275.000000 
206587.500000 
206900.000000 
207212.500000 
207525.000000 
207837.500000 
208150.000000 
208462.500000 
208775.000000 
209087.500000 
209400.000000 
209712.500000 
210025.000000 
210337.500000 
210650.000000 
210962.500000 
211275.000000 
211587.500000 
211900.000000 
212212.500000 
212525.000000 
212837.500000 
213150.000000 
213462.500000 
213775.000000 
214087.500000 
214400.000000 
214712.500000 
215025.000000 
215337.500000 
215650.000000 
215962.500000 
216275.000000 
216587.500000 
216900.000000 
217212.500000 
217525.000000 
217837.500000 
218150.000000 
218462.500000 
218775.000000 
219087.500000 
219400.000000 
219712.500000 
220025.000000 
220337.500000 
220650.000000 
220962.500000 
221275.000000 
221587.500000 
221900.000000 
222212.500000 
222525.000000 
222837.500000 
223150.000000 
223462.500000 
223775.000000 
224087.500000 
224400.000000 
224712.500000 
225025.000000 
225337.500000 
225650.000000 
225962.500000 
226275.000000 
226587.500000 
226900.000000 
227212.500000 
227525.000000 
227837.500000 
228150.000000 
228462.500000 
228775.000000 
229087.500000 
229400.000000 
229712.500000 
230025.000000 
230337.500000 
230650.000000 
230962.500000 
231275.000000 
231587.500000 
231900.000000 
232212.500000 
232525.000000 
232837.500000 
233150.000000 
233462.500000 
233775.000000 
234087.500000 
234400.000000 
234712.500000 
235025.000000 
235337.500000 
235650.000000 
235962.500000 
236275.000000 
236587.500000 
236900.000000 
237212.500000 
237525.000000 
237837.500000 
238150.000000 
238462.500000 
238775.000000 
239087.500000 
239400.000000 
239712.500000 
240025.000000 
240337.500000 
240650.000000 
240962.500000 
241275.000000 
241587.500000 
241900.000000 
242212.500000 
242525.000000 
242837.500000 
243150.000000 
243462.500000 
243775.000000 
244087.500000 
244400.000000 
244712.500000 
245025.000000 
245337.500000 
245650.000000 
245962.500000 
246275.000000 
246587.500000 
246900.000000 
247212.500000 
247525.000000 
247837.500000 
248150.000000 
248462.500000 
248775.000000 
249087.500000 
249400.000000 
249712.500000 
250025.000000 
250337.500000 
250650.000000 
250962.500000 
251275.000000 
251587.500000 
251900.000000 
252212.500000 
252525.000000 
252837.500000 
253150.000000 
253462.500000 
253775.000000 
254087.500000 
254400.000000 
254712.500000 
255025.000000 
255337.500000 
255650.000000 
255962.500000 
256275.000000 
256587.500000 
256900.000000 
257212.500000 
257525.000000 
257837.500000 
258150.000000 
258462.500000 
258775.000000 
259087.500000 
259400.000000 
259712.500000 
260025.000000 
260337.500000 
260650.000000 
260962.500000 
261275.000000 
261587.500000 
261900.000000 
262212.500000 
262525.000000 
262837.500000 
263150.000000 
263462.500000 
263775.000000 
264087.500000 
264400.000000 
264712.500000 
265025.000000 
265337.500000 
265650.000000 
265962.500000 
266275.000000 
266587.500000 
266900.000000 
267212.500000 
267525.000000 
267837.500000 
268150.000000 
268462.500000 
268775.000000 
269087.500000 
269400.000000 
269712.500000 
270025.000000 
270337.500000 
270650.000000 
270962.500000 
271275.000000 
271587.500000 
271900.000000 
272212.500000 
272525.000000 
272837.500000 
273150.000000 
273462.500000 
273775.000000 
274087.500000 
274400.000000 
274712.500000 
275025.000000 
275337.500000 
275650.000000 
275962.500000 
276275.000000 
276587.500000 
276900.000000 
277212.500000 
277525.000000 
277837.500000 
278150.000000 
278462.500000 
278775.000000 
279087.500000 
279400.000000 
279712.500000 
280025.000000 
280337.500000 
280650.000000 
280962.500000 
281275.000000 
281587.500000 
281900.000000 
281900.000000 
281900.000000 
281900.000000 
281900.000000 
281900.000000 
281900.000000 
281900.000000 
281900.000000 
281900.000000 
281900.000000 
281900.000000 
281900.000000 
281900.000000 
281900.000000 
281900.000000 
281900.000000 
281900.000000 
281900.000000 
281900.000000 
281900.000000 
281900.000000 
281900.000000 
281900.000000 
281900.000000 
281900.000000 
281900.000000 
281900.000000 
281900.000000 
281900.000000 
281900.000000 
281900.000000 
281900.000000 
281900.000000 
281900.000000 
281900.000000 
281900.000000 
281900.000000 
281900.000000 
281900.000000 
281900.000000 
281900.000000 
281900.000000 
281900.000000 
281900.000000 
281900.000000 
281900.000000 
281900.000000 
281900.000000 
281900.000000 
281900.000000 
281900.000000 
281900.000000 
281900.000000 
281900.000000 
281900.000000 
281900.000000 
281900.000000 
281900.000000 
281900.000000 
281900.000000 
281900.000000 
281900.000000 
281900.000000 
281900.000000 
281900.000000 
281900.000000 
281900.000000 
281900.000000 
281900.000000 
281900.000000 
281900.000000 
281900.000000 
281900.000000 
281900.000000 
281900.000000 
281900.000000 
281900.000000 
281900.000000 
281900.000000 
281900.000000 
281900.000000 
281900.000000 
281900.000000 
281900.000000 
281900.000000 
281900.000000 
281900.000000 
281900.000000 
281900.000000 
281900.000000 
281900.000000 
281900.000000 
281900.000000 
281900.000000 
281900.000000 
281900.000000 
281900.000000 
281900.000000 
281900.000000 
281900.000000 
281900.000000 
281900.000000 
281900.000000 
281900.000000 
281900.000000 
281900.000000 
281900.000000 
281900.000000 
281900.000000 
281900.000000 
281900.000000 
281900.000000 
281900.000000 
281900.000000 
281900.000000 
281900.000000 
281900.000000 
281900.000000 
281900.000000 
281900.000000 
281900.000000 
281900.000000 
281900.000000 
281900.000000 
281900.000000 
281900.000000 
281900.000000 
281900.000000 
281900.000000 
281900.000000 
281900.000000 
281900.000000 
281900.000000 
281900.000000 
281900.000000 
281900.000000 
281900.000000 
281900.000000 
281900.000000 
281900.000000 
281900.000000 
281900.000000 
281900.000000 
281900.000000 
281900.000000 
281900.000000 
281900.000000 
281900.000000 
281900.000000 
281900.000000 
281900.000000 
281900.000000 
281900.000000 
281900.000000 
281900.000000 
281900.000000 
281900.000000 
281900.000000 
281900.000000 
281900.000000 
281900.000000 
281900.000000 
281900.000000 
281900.000000 
281900.000000 
281900.000000 
281900.000000 
281900.000000 
281900.000000 
281900.000000 
281900.000000 
281900.000000 
281900.000000 
281900.000000 
281900.000000 
281900.000000 
281900.000000 
281900.000000 
281900.000000 
281900.000000 
281900.000000 
281900.000000 
281900.000000 
281900.000000 
281900.000000 
281900.000000 
281900.000000 
281900.000000 
281900.000000 
281900.000000 
281900.000000 
281900.000000 
281900.000000 
281900.000000 
281900.000000 
281900.000000 
281900.000000 
281900.000000 
281900.000000 
281900.000000 
281900.000000 
281900.000000 
281900.000000 
281900.000000 
281900.000000 
281900.000000 
281900.000000 
281900.000000 
281900.000000 
281900.000000 
281900.000000 
281900.000000 
281900.000000 
281900.000000 
281900.000000 
281900.000000 
281900.000000 
281900.000000 
281900.000000 
281900.000000 
281900.000000 
281900.000000 
281900.000000 
281900.000000 
281900.000000 
281900.000000 
281900.000000 
281900.000000 
281900.000000 
281900.000000 
281900.000000 
281900.000000 
281900.000000 
281900.000000 
281900.000000 
281900.000000 
281900.000000 
281900.000000 
281900.000000 
281900.000000 
281900.000000 
281900.000000 
281900.000000 
281900.000000 
281900.000000 
281900.000000 
281900.000000 
281900.000000 
281900.000000 
281900.000000 
281900.000000 
281900.000000 
281900.000000 
281900.000000 
281900.000000 
281900.000000 
281900.000000 
281900.000000 
281900.000000 
281900.000000 
281900.000000 
281900.000000 
281900.000000 
281900.000000 
281900.000000 
281900.000000 
281900.000000 
281900.000000 
281900.000000 
281900.000000 
281900.000000 
281900.000000 
281900.000000 
281900.000000 
281900.000000 
281900.000000 
281900.000000 
281900.000000 
281900.000000 
281900.000000 
281900.000000 
281900.000000 
281900.000000 
281900.000000 
281900.000000 
281900.000000 
281900.000000 
281900.000000 
281900.000000 
281900.000000 
281900.000000 
281900.000000 
281900.000000 
281900.000000 
281900.000000 
281900.000000 
281900.000000 
281900.000000 
281900.000000 
281900.000000 
281900.000000 
281900.000000 
281900.000000 
281900.000000 
281900.000000 
281900.000000 
281900.000000 
281900.000000 
281900.000000 
281900.000000 
281900.000000 
281900.000000 
281900.000000 
281900.000000 
281900.000000 
281900.000000 
281900.000000 
281900.000000 
281900.000000 
281900.000000 
281900.000000 
281900.000000 
281900.000000 
281900.000000 
281900.000000 
281900.000000 
281900.000000 
281900.000000 
281900.000000 
281900.000000 
281900.000000 
281900.000000 
281900.000000 
281900.000000 
281900.000000 
281900.000000 
281900.000000 
281900.000000 
281900.000000 
281900.000000 
281900.000000 
281900.000000 
281900.000000 
281900.000000 
281900.000000 
281900.000000 
281900.000000 
281900.000000 
281900.000000 
281900.000000 
281900.000000 
281900.000000 
281900.000000 
281900.000000 
281900.000000 
281900.000000 
281900.000000 
281900.000000 
281900.000000 
281900.000000 
281900.000000 
281900.000000 
281900.000000 
281900.000000 
281900.000000 
281900.000000 
281900.000000 
281900.000000 
281900.000000 
281900.000000 
281900.000000 
281900.000000 
281900.000000 
281900.000000 
281900.000000 
281900.000000 
281900.000000 
281900.000000 
281900.000000 
281900.000000 
281900.000000 
281900.000000 
281900.000000 
281900.000000 
281900.000000 
281900.000000 
281900.000000 
281900.000000 
281900.000000 
281900.000000 
281900.000000 
281900.000000 
281900.000000 
281900.000000 
281900.000000 
281900.000000 
281900.000000 
281900.000000 
281900.000000 
281900.000000 
281900.000000 
281900.000000 
281900.000000 
281900.000000 
281900.000000 
281900.000000 
281900.000000 
281900.000000 
281900.000000 
281900.000000 
281900.000000 
281900.000000 
281900.000000 
281900.000000 
281900.000000 
281900.000000 
281900.000000 
281900.000000 
281900.000000 
281900.000000 
281900.000000 
281900.000000 
281900.000000 
281900.000000 
281900.000000 
281900.000000 
281900.000000 
281900.000000 
281900.000000 
281900.000000 
281900.000000 
281900.000000 
281900.000000 
281900.000000 
281900.000000 
281900.000000 
281900.000000 
281900.000000 
281900.000000 
281900.000000 
281900.000000 
281900.000000 
281900.000000 
281900.000000 
281900.000000 
281900.000000 
281900.000000 
281900.000000 
281900.000000 
281900.000000 
281900.000000 
281900.000000 
281900.000000 
281900.000000 
281900.000000 
281900.000000 
281900.000000 
281900.000000 
281900.000000 
281900.000000 
281900.000000 
281900.000000 
281900.000000 
281900.000000 
281900.000000 
281900.000000 
281900.000000 
281900.000000 
281900.000000 
281900.000000 
281900.000000 
281900.000000 
281900.000000 
281900.000000 
281900.000000 
281900.000000 
281900.000000 
281900.000000 
281900.000000 
281900.000000 
281900.000000 
281900.000000 
281900.000000 
281900.000000 
281900.000000 
281900.000000 
281900.000000 
281900.000000 
281900.000000 
281900.000000 
281900.000000 
281900.000000 
281900.000000 
281900.000000 
281900.000000 
281900.000000 
281900.000000 
281900.000000 
281900.000000 
281900.000000 
281900.000000 
281900.000000 
281900.000000 
281900.000000 
281900.000000 
281900.000000 
281900.000000 
281900.000000 
281900.000000 
281900.000000 
281900.000000 
281900.000000 
281900.000000 
281900.000000 
281900.000000 
281900.000000 
281900.000000 
281900.000000 
281900.000000 
281900.000000 
281900.000000 
281900.000000 
281900.000000 
281900.000000 
281900.000000 
281900.000000 
281900.000000 
281900.000000 
281900.000000 
281900.000000 
281900.000000 
281900.000000 
281900.000000 
281900.000000 
281900.000000 
281900.000000 
281900.000000 
281900.000000 
281900.000000 
281900.000000 
281900.000000 
281900.000000 
281900.000000 
281900.000000 
281900.000000 
281900.000000 
281900.000000 
281900.000000 
281900.000000 
281900.000000 
281900.000000 
281900.000000 
281900.000000 
281900.000000 
281900.000000 
281900.000000 
281900.000000 
281900.000000 
281900.000000 
281900.000000 
281900.000000 
281900.000000 
281900.000000 
281900.000000 
281900.000000 
281900.000000 
281900.000000 
281900.000000 
281900.000000 
281900.000000 
281900.000000 
281900.000000 
281900.000000 
281900.000000 
281900.000000 
281900.000000 
281900.000000 
281900.000000 
281900.000000 
281900.000000 
281900.000000 
281900.000000 
281900.000000 
281900.000000 
281900.000000 
281900.000000 
281900.000000 
281900.000000 
281900.000000 
281900.000000 
281900.000000 
281900.000000 
281900.000000 
281900.000000 
281900.000000 
281900.000000 
281900.000000 
281900.000000 
281900.000000 
281900.000000 
281900.000000 
281900.000000 
281900.000000 
281900.000000 
281900.000000 
281900.000000 
281900.000000 
281900.000000 
281900.000000 
281900.000000 
281900.000000 
281900.000000 
281900.000000 
281900.000000 
281900.000000 
281900.000000 
281900.000000 
281900.000000 
281900.000000 
281900.000000 
281900.000000 
281900.000000 
281900.000000 
281900.000000 
281900.000000 
281900.000000 
281900.000000 
281900.000000 
281900.000000 
281900.000000 
281900.000000 
281900.000000 
281900.000000 
281900.000000 
281900.000000 
281900.000000 
281900.000000 
281900.000000 
281900.000000 
281900.000000 
281900.000000 
281900.000000 
281900.000000 
281900.000000 
281900.000000 
281900.000000 
281900.000000 
281900.000000 
281900.000000 
281900.000000 
281900.000000 
281900.000000 
281900.000000 
281900.000000 
281900.000000 
281900.000000 
281900.000000 
281900.000000 
281900.000000 
281900.000000 
281900.000000 
281900.000000 
281900.000000 
281900.000000 
281900.000000 
281900.000000 
281900.000000 
281900.000000 
281900.000000 
281900.000000 
281900.000000 
281900.000000 
281900.000000 
281900.000000 
281900.000000 
281900.000000 
281900.000000 
281900.000000 
281900.000000 
281900.000000 
281900.000000 
281900.000000 
281900.000000 
281900.000000 
281900.000000 
281900.000000 
281900.000000 
281900.000000 
281900.000000 
281900.000000 
281900.000000 
281900.000000 
281900.000000 
281900.000000 
281900.000000 
281900.000000 
281900.000000 
281900.000000 
281900.000000 
281900.000000 
281900.000000 
281900.000000 
281900.000000 
281900.000000 
281900.000000 
281900.000000 
281900.000000 
281900.000000 
281900.000000 
281900.000000 
281900.000000 
281900.000000 
281900.000000 
281900.000000 
281900.000000 
281900.000000 
281900.000000 
281900.000000 
281900.000000 
281900.000000 
281900.000000 
281900.000000 
281900.000000 
281900.000000 
281900.000000 
281900.000000 
281900.000000 
281900.000000 
281900.000000 
281900.000000 
281900.000000 
281900.000000 
281900.000000 
281900.000000 
281900.000000 
281900.000000 
281900.000000 
281900.000000 
281900.000000 
281900.000000 
281900.000000 
281900.000000 
281900.000000 
281900.000000 
281900.000000 
281900.000000 
281900.000000 
281900.000000 
281900.000000 
281900.000000 
281900.000000 
281900.000000 
281900.000000 
281900.000000 
281900.000000 
281900.000000 
281900.000000 
281900.000000 
281900.000000 
281900.000000 
281900.000000 
281900.000000 
281900.000000 
281900.000000 
281900.000000 
281900.000000 
281900.000000 
281900.000000 
281900.000000 
281900.000000 
281900.000000 
281900.000000 
281900.000000 
281900.000000 
281900.000000 
281900.000000 
281900.000000 
281900.000000 
281900.000000 
281900.000000 
281900.000000 
281900.000000 
281900.000000 
281900.000000 
281900.000000 
281900.000000 
281900.000000 
281900.000000 
281900.000000 
281900.000000 
281900.000000 
281900.000000 
281900.000000 
281900.000000 
281900.000000 
281900.000000 
281900.000000 
281900.000000 
281900.000000 
281900.000000 
281900.000000 
281900.000000 
281900.000000 
281900.000000 
281900.000000 
281900.000000 
281900.000000 
281900.000000 
281900.000000 
281900.000000 
281900.000000 
281900.000000 
281900.000000 
281900.000000 
281900.000000 
281900.000000 
281900.000000 
281900.000000 
281900.000000 
281900.000000 
281900.000000 
281900.000000 
281900.000000 
281900.000000 
281900.000000 
281900.000000 
281900.000000 
281900.000000 
281900.000000 
281900.000000 
281900.000000 
281900.000000 
281900.000000 
281900.000000 
281900.000000 
281900.000000 
281900.000000 
281900.000000 
281900.000000 
281900.000000 
281900.000000 
281900.000000 
281900.000000 
281900.000000 
281900.000000 
281900.000000 
281900.000000 
281900.000000 
281900.000000 
281900.000000 
281900.000000 
281900.000000 
281900.000000 
281900.000000 
281900.000000 
281900.000000 
281900.000000 
281900.000000 
281900.000000 
281900.000000 
281900.000000 
281900.000000 
281900.000000 
281900.000000 
281900.000000 
281900.000000 
281900.000000 
281900.000000 
281900.000000 
281900.000000 
281900.000000 
281900.000000 
281900.000000 
281900.000000 
281900.000000 
281900.000000 
281900.000000 
281900.000000 
281900.000000 
281900.000000 
281900.000000 
281900.000000 
281900.000000 
281900.000000 
281900.000000 
281900.000000 
281900.000000 
281900.000000 
281900.000000 
281900.000000 
281900.000000 
281900.000000 
281900.000000 
281900.000000 
281900.000000 
281900.000000 
281900.000000 
281900.000000 
281900.000000 
281900.000000 
281900.000000 
281900.000000 
281900.000000 
281900.000000 
281900.000000 
281900.000000 
281900.000000 
281900.000000 
281900.000000 
281900.000000 
281900.000000 
281900.000000 
281900.000000 
281900.000000 
281900.000000 
281900.000000 
281900.000000 
281900.000000 
281900.000000 
281900.000000 
281900.000000 
281900.000000 
281900.000000 
281900.000000 
281900.000000 
281900.000000 
281900.000000 
281900.000000 
281900.000000 
281900.000000 
281900.000000 
281900.000000 
281900.000000 
281900.000000 
281900.000000 
281900.000000 
281900.000000 
281900.000000 
281900.000000 
281900.000000 
281900.000000 
281900.000000 
281900.000000 
281900.000000 
281900.000000 
281900.000000 
281900.000000 
281900.000000 
281900.000000 
281900.000000 
281900.000000 
281900.000000 
281900.000000 
281900.000000 
281900.000000 
281900.000000 
281900.000000 
281900.000000 
281900.000000 
281900.000000 
281900.000000 
281900.000000 
281900.000000 
281900.000000 
281900.000000 
281900.000000 
281900.000000 
281900.000000 
281900.000000 
281900.000000 
281900.000000 
281900.000000 
281900.000000 
281900.000000 
281900.000000 
281900.000000 
281900.000000 
281900.000000 
281900.000000 
281900.000000 
281900.000000 
281900.000000 
281900.000000 
281900.000000 
281900.000000 
281900.000000 
281900.000000 
281900.000000 
281900.000000 
281900.000000 
281900.000000 
281900.000000 
281900.000000 
281900.000000 
281900.000000 
281900.000000 
281900.000000 
281900.000000 
281900.000000 
281900.000000 
281900.000000 
281900.000000 
281900.000000 
281900.000000 
281900.000000 
281900.000000 
281900.000000 
281900.000000 
281900.000000 
281900.000000 
281900.000000 
281900.000000 
281900.000000 
281900.000000 
281900.000000 
281900.000000 
281900.000000 
281900.000000 
281900.000000 
281900.000000 
281900.000000 
281900.000000 
281900.000000 
281900.000000 
281900.000000 
281900.000000 
281900.000000 
281900.000000 
281900.000000 
281900.000000 
281900.000000 
281900.000000 
281900.000000 
281900.000000 
281900.000000 
281900.000000 
281900.000000 
281900.000000 
281900.000000 
281900.000000 
281900.000000 
281900.000000 
281900.000000 
281900.000000 
281900.000000 
281900.000000 
281900.000000 
281900.000000 
281900.000000 
281900.000000 
281900.000000 
281900.000000 
281900.000000 
281900.000000 
281900.000000 
