20900.000000 
20900.000000 
21100.000000 
21300.000000 
21500.000000 
21700.000000 
21900.000000 
22100.000000 
22300.000000 
22500.000000 
22700.000000 
22900.000000 
23100.000000 
23300.000000 
23500.000000 
23700.000000 
23900.000000 
24100.000000 
24300.000000 
24500.000000 
24700.000000 
24900.000000 
25100.000000 
25300.000000 
25500.000000 
25700.000000 
25900.000000 
26100.000000 
26300.000000 
26500.000000 
26700.000000 
26900.000000 
27100.000000 
27300.000000 
27500.000000 
27700.000000 
27900.000000 
28100.000000 
28300.000000 
28500.000000 
28700.000000 
28900.000000 
29100.000000 
29300.000000 
29500.000000 
29700.000000 
29900.000000 
30100.000000 
30300.000000 
30500.000000 
30700.000000 
30900.000000 
31100.000000 
31300.000000 
31500.000000 
31700.000000 
31900.000000 
32100.000000 
32300.000000 
32500.000000 
32700.000000 
32900.000000 
33100.000000 
33300.000000 
33500.000000 
33700.000000 
33900.000000 
34100.000000 
34300.000000 
34500.000000 
34700.000000 
34900.000000 
35100.000000 
35300.000000 
35500.000000 
35700.000000 
35900.000000 
36100.000000 
36300.000000 
36500.000000 
36700.000000 
36900.000000 
37100.000000 
37300.000000 
37500.000000 
37700.000000 
37900.000000 
38100.000000 
38300.000000 
38500.000000 
38700.000000 
38900.000000 
39100.000000 
39300.000000 
39500.000000 
39700.000000 
39900.000000 
40100.000000 
40300.000000 
40500.000000 
40700.000000 
40900.000000 
41100.000000 
41300.000000 
41500.000000 
41700.000000 
41900.000000 
42100.000000 
42300.000000 
42500.000000 
42700.000000 
42900.000000 
43100.000000 
43300.000000 
43500.000000 
43700.000000 
43900.000000 
44100.000000 
44300.000000 
44500.000000 
44700.000000 
44900.000000 
45100.000000 
45300.000000 
45500.000000 
45700.000000 
45900.000000 
46100.000000 
46300.000000 
46500.000000 
46700.000000 
46900.000000 
47100.000000 
47300.000000 
47500.000000 
47700.000000 
47900.000000 
48100.000000 
48300.000000 
48500.000000 
48700.000000 
48900.000000 
49100.000000 
49300.000000 
49500.000000 
49700.000000 
49900.000000 
50100.000000 
50300.000000 
50500.000000 
50700.000000 
50900.000000 
51100.000000 
51300.000000 
51500.000000 
51700.000000 
51900.000000 
52100.000000 
52300.000000 
52500.000000 
52700.000000 
52900.000000 
53100.000000 
53300.000000 
53500.000000 
53700.000000 
53900.000000 
54100.000000 
54300.000000 
54500.000000 
54700.000000 
54900.000000 
55100.000000 
55300.000000 
55500.000000 
55700.000000 
55900.000000 
56100.000000 
56300.000000 
56500.000000 
56700.000000 
56900.000000 
57100.000000 
57300.000000 
57500.000000 
57700.000000 
57900.000000 
58100.000000 
58300.000000 
58500.000000 
58700.000000 
58900.000000 
59100.000000 
59300.000000 
59500.000000 
59700.000000 
59900.000000 
60100.000000 
60300.000000 
60500.000000 
60700.000000 
60900.000000 
61100.000000 
61300.000000 
61500.000000 
61700.000000 
61900.000000 
62100.000000 
62300.000000 
62500.000000 
62700.000000 
62900.000000 
63100.000000 
63300.000000 
63500.000000 
63700.000000 
63900.000000 
64100.000000 
64300.000000 
64500.000000 
64700.000000 
64900.000000 
65100.000000 
65300.000000 
65500.000000 
65700.000000 
65900.000000 
66100.000000 
66300.000000 
66500.000000 
66700.000000 
66900.000000 
67100.000000 
67300.000000 
67500.000000 
67700.000000 
67900.000000 
68100.000000 
68300.000000 
68500.000000 
68700.000000 
68900.000000 
69100.000000 
69300.000000 
69500.000000 
69700.000000 
69900.000000 
70100.000000 
70300.000000 
70500.000000 
70700.000000 
70900.000000 
71100.000000 
71300.000000 
71500.000000 
71700.000000 
71900.000000 
72100.000000 
72300.000000 
72500.000000 
72700.000000 
72900.000000 
73100.000000 
73300.000000 
73500.000000 
73700.000000 
73900.000000 
74100.000000 
74300.000000 
74500.000000 
74700.000000 
74900.000000 
75100.000000 
75300.000000 
75500.000000 
75700.000000 
75900.000000 
76100.000000 
76300.000000 
76500.000000 
76700.000000 
76900.000000 
77100.000000 
77300.000000 
77500.000000 
77700.000000 
77900.000000 
78100.000000 
78300.000000 
78500.000000 
78700.000000 
78900.000000 
79100.000000 
79300.000000 
79500.000000 
79700.000000 
79900.000000 
80100.000000 
80300.000000 
80500.000000 
80700.000000 
81000.000000 
81300.000000 
81600.000000 
81900.000000 
82257.142857 
82614.285714 
82971.428571 
83328.571429 
83685.714286 
84042.857143 
84400.000000 
84757.142857 
85114.285714 
85471.428571 
85828.571429 
86185.714286 
86542.857143 
86900.000000 
87257.142857 
87614.285714 
87971.428571 
88328.571429 
88685.714286 
89042.857143 
89400.000000 
89757.142857 
90114.285714 
90471.428571 
90828.571429 
91185.714286 
91542.857143 
91900.000000 
92257.142857 
92614.285714 
92971.428571 
93328.571429 
93685.714286 
94042.857143 
94400.000000 
94757.142857 
95114.285714 
95471.428571 
95828.571429 
96185.714286 
96542.857143 
96900.000000 
97257.142857 
97614.285714 
97971.428571 
98328.571429 
98685.714286 
99042.857143 
99400.000000 
99757.142857 
100114.285714 
100471.428571 
100828.571429 
101185.714286 
101542.857143 
101900.000000 
102257.142857 
102614.285714 
102971.428571 
103328.571429 
103685.714286 
104042.857143 
104400.000000 
104757.142857 
105114.285714 
105471.428571 
105828.571429 
106185.714286 
106542.857143 
106900.000000 
107257.142857 
107614.285714 
107971.428571 
108328.571429 
108685.714286 
109042.857143 
109400.000000 
109757.142857 
110114.285714 
110471.428571 
110828.571429 
111185.714286 
111542.857143 
111900.000000 
112257.142857 
112614.285714 
112971.428571 
113328.571429 
113685.714286 
114042.857143 
114400.000000 
114757.142857 
115114.285714 
115471.428571 
115828.571429 
116185.714286 
116542.857143 
116900.000000 
117257.142857 
117614.285714 
117971.428571 
118328.571429 
118685.714286 
119042.857143 
119400.000000 
119757.142857 
120114.285714 
120471.428571 
120828.571429 
121185.714286 
121542.857143 
121900.000000 
122257.142857 
122614.285714 
122971.428571 
123328.571429 
123685.714286 
124042.857143 
124400.000000 
124757.142857 
125114.285714 
125471.428571 
125828.571429 
126185.714286 
126542.857143 
126900.000000 
127257.142857 
127614.285714 
127971.428571 
128328.571429 
128685.714286 
129042.857143 
129400.000000 
129757.142857 
130114.285714 
130471.428571 
130828.571429 
131185.714286 
131542.857143 
131900.000000 
132257.142857 
132614.285714 
132971.428571 
133328.571429 
133685.714286 
134042.857143 
134400.000000 
134757.142857 
135114.285714 
135471.428571 
135828.571429 
136185.714286 
136542.857143 
136900.000000 
137257.142857 
137614.285714 
137971.428571 
138328.571429 
138685.714286 
139042.857143 
139400.000000 
139757.142857 
140114.285714 
140471.428571 
140828.571429 
141185.714286 
141542.857143 
141900.000000 
142257.142857 
142614.285714 
142971.428571 
143328.571429 
143685.714286 
144042.857143 
144400.000000 
144757.142857 
145114.285714 
145471.428571 
145828.571429 
146185.714286 
146542.857143 
146900.000000 
147257.142857 
147614.285714 
147971.428571 
148328.571429 
148685.714286 
149042.857143 
149400.000000 
149757.142857 
150114.285714 
150471.428571 
150828.571429 
151185.714286 
151542.857143 
151900.000000 
152257.142857 
152614.285714 
152971.428571 
153328.571429 
153685.714286 
154042.857143 
154400.000000 
154757.142857 
155114.285714 
155471.428571 
155828.571429 
156185.714286 
156542.857143 
156900.000000 
157257.142857 
157614.285714 
157971.428571 
158328.571429 
158685.714286 
159042.857143 
159400.000000 
159757.142857 
160114.285714 
160471.428571 
160828.571429 
161185.714286 
161542.857143 
161900.000000 
162257.142857 
162614.285714 
162971.428571 
163328.571429 
163685.714286 
164042.857143 
164400.000000 
164757.142857 
165114.285714 
165471.428571 
165828.571429 
166185.714286 
166542.857143 
166900.000000 
167257.142857 
167614.285714 
167971.428571 
168328.571429 
168685.714286 
169042.857143 
169400.000000 
169757.142857 
170114.285714 
170471.428571 
170828.571429 
171185.714286 
171542.857143 
171900.000000 
172257.142857 
172614.285714 
172971.428571 
173328.571429 
173685.714286 
174042.857143 
174400.000000 
174757.142857 
175114.285714 
175471.428571 
175828.571429 
176185.714286 
176542.857143 
176900.000000 
177257.142857 
177614.285714 
177971.428571 
178328.571429 
178685.714286 
179042.857143 
179400.000000 
179757.142857 
180114.285714 
180471.428571 
180828.571429 
181185.714286 
181542.857143 
181900.000000 
182257.142857 
182614.285714 
182971.428571 
183328.571429 
183685.714286 
184042.857143 
184400.000000 
184757.142857 
185114.285714 
185471.428571 
185828.571429 
186185.714286 
186542.857143 
186900.000000 
187257.142857 
187614.285714 
187971.428571 
188328.571429 
188685.714286 
189042.857143 
189400.000000 
189757.142857 
190114.285714 
190471.428571 
190828.571429 
191185.714286 
191542.857143 
191900.000000 
192257.142857 
192614.285714 
192971.428571 
193328.571429 
193685.714286 
194042.857143 
194400.000000 
194757.142857 
195114.285714 
195471.428571 
195828.571429 
196185.714286 
196542.857143 
196900.000000 
197257.142857 
197614.285714 
197971.428571 
198328.571429 
198685.714286 
199042.857143 
199400.000000 
199757.142857 
200114.285714 
200471.428571 
200828.571429 
201185.714286 
201542.857143 
201900.000000 
202257.142857 
202614.285714 
202971.428571 
203328.571429 
203685.714286 
204042.857143 
204400.000000 
204757.142857 
205114.285714 
205471.428571 
205828.571429 
206185.714286 
206542.857143 
206900.000000 
207257.142857 
207614.285714 
207971.428571 
208328.571429 
208685.714286 
209042.857143 
209400.000000 
209757.142857 
210114.285714 
210471.428571 
210828.571429 
211185.714286 
211542.857143 
211900.000000 
212257.142857 
212614.285714 
212971.428571 
213328.571429 
213685.714286 
214042.857143 
214400.000000 
214757.142857 
215114.285714 
215471.428571 
215828.571429 
216185.714286 
216542.857143 
216900.000000 
217257.142857 
217614.285714 
217971.428571 
218328.571429 
218685.714286 
219042.857143 
219400.000000 
219757.142857 
220114.285714 
220471.428571 
220828.571429 
221185.714286 
221542.857143 
221900.000000 
222257.142857 
222614.285714 
222971.428571 
223328.571429 
223685.714286 
224042.857143 
224400.000000 
224757.142857 
225114.285714 
225471.428571 
225828.571429 
226185.714286 
226542.857143 
226900.000000 
227257.142857 
227614.285714 
227971.428571 
228328.571429 
228685.714286 
229042.857143 
229400.000000 
229757.142857 
230114.285714 
230471.428571 
230828.571429 
231185.714286 
231542.857143 
231900.000000 
232257.142857 
232614.285714 
232971.428571 
233328.571429 
233685.714286 
234042.857143 
234400.000000 
234757.142857 
235114.285714 
235471.428571 
235828.571429 
236185.714286 
236542.857143 
236900.000000 
237257.142857 
237614.285714 
237971.428571 
238328.571429 
238685.714286 
239042.857143 
239400.000000 
239757.142857 
240114.285714 
240471.428571 
240828.571429 
241185.714286 
241542.857143 
241900.000000 
242257.142857 
242614.285714 
242971.428571 
243328.571429 
243685.714286 
244042.857143 
244400.000000 
244757.142857 
245114.285714 
245471.428571 
245828.571429 
246185.714286 
246542.857143 
246900.000000 
247257.142857 
247614.285714 
247971.428571 
248328.571429 
248685.714286 
249042.857143 
249400.000000 
249757.142857 
250114.285714 
250471.428571 
250828.571429 
251185.714286 
251542.857143 
251900.000000 
252257.142857 
252614.285714 
252971.428571 
253328.571429 
253685.714286 
254042.857143 
254400.000000 
254757.142857 
255114.285714 
255471.428571 
255828.571429 
256185.714286 
256542.857143 
256900.000000 
257257.142857 
257614.285714 
257971.428571 
258328.571429 
258685.714286 
259042.857143 
259400.000000 
259757.142857 
260114.285714 
260471.428571 
260828.571429 
261185.714286 
261542.857143 
261900.000000 
262257.142857 
262614.285714 
262971.428571 
263328.571429 
263685.714286 
264042.857143 
264400.000000 
264757.142857 
265114.285714 
265471.428571 
265828.571429 
266185.714286 
266542.857143 
266900.000000 
267257.142857 
267614.285714 
267971.428571 
268328.571429 
268685.714286 
269042.857143 
269400.000000 
269757.142857 
270114.285714 
270471.428571 
270828.571429 
271185.714286 
271542.857143 
271900.000000 
272257.142857 
272614.285714 
272971.428571 
273328.571429 
273685.714286 
274042.857143 
274400.000000 
274757.142857 
275114.285714 
275471.428571 
275828.571429 
276185.714286 
276542.857143 
276900.000000 
277257.142857 
277614.285714 
277971.428571 
278328.571429 
278685.714286 
279042.857143 
279400.000000 
279757.142857 
280114.285714 
280471.428571 
280828.571429 
281185.714286 
281542.857143 
281900.000000 
281900.000000 
281900.000000 
281900.000000 
281900.000000 
281900.000000 
281900.000000 
281900.000000 
281900.000000 
281900.000000 
281900.000000 
281900.000000 
281900.000000 
281900.000000 
281900.000000 
281900.000000 
281900.000000 
281900.000000 
281900.000000 
281900.000000 
281900.000000 
281900.000000 
281900.000000 
281900.000000 
281900.000000 
281900.000000 
281900.000000 
281900.000000 
281900.000000 
281900.000000 
281900.000000 
281900.000000 
281900.000000 
281900.000000 
281900.000000 
281900.000000 
281900.000000 
281900.000000 
281900.000000 
281900.000000 
281900.000000 
281900.000000 
281900.000000 
281900.000000 
281900.000000 
281900.000000 
281900.000000 
281900.000000 
281900.000000 
281900.000000 
281900.000000 
281900.000000 
281900.000000 
281900.000000 
281900.000000 
281900.000000 
281900.000000 
281900.000000 
281900.000000 
281900.000000 
281900.000000 
281900.000000 
281900.000000 
281900.000000 
281900.000000 
281900.000000 
281900.000000 
281900.000000 
281900.000000 
281900.000000 
281900.000000 
281900.000000 
281900.000000 
281900.000000 
281900.000000 
281900.000000 
281900.000000 
281900.000000 
281900.000000 
281900.000000 
281900.000000 
281900.000000 
281900.000000 
281900.000000 
281900.000000 
281900.000000 
281900.000000 
281900.000000 
281900.000000 
281900.000000 
281900.000000 
281900.000000 
281900.000000 
281900.000000 
281900.000000 
281900.000000 
281900.000000 
281900.000000 
281900.000000 
281900.000000 
281900.000000 
281900.000000 
281900.000000 
281900.000000 
281900.000000 
281900.000000 
281900.000000 
281900.000000 
281900.000000 
281900.000000 
281900.000000 
281900.000000 
281900.000000 
281900.000000 
281900.000000 
281900.000000 
281900.000000 
281900.000000 
281900.000000 
281900.000000 
281900.000000 
281900.000000 
281900.000000 
281900.000000 
281900.000000 
281900.000000 
281900.000000 
281900.000000 
281900.000000 
281900.000000 
281900.000000 
281900.000000 
281900.000000 
281900.000000 
281900.000000 
281900.000000 
281900.000000 
281900.000000 
281900.000000 
281900.000000 
281900.000000 
281900.000000 
281900.000000 
281900.000000 
281900.000000 
281900.000000 
281900.000000 
281900.000000 
281900.000000 
281900.000000 
281900.000000 
281900.000000 
281900.000000 
281900.000000 
281900.000000 
281900.000000 
281900.000000 
281900.000000 
281900.000000 
281900.000000 
281900.000000 
281900.000000 
281900.000000 
281900.000000 
281900.000000 
281900.000000 
281900.000000 
281900.000000 
281900.000000 
281900.000000 
281900.000000 
281900.000000 
281900.000000 
281900.000000 
281900.000000 
281900.000000 
281900.000000 
281900.000000 
281900.000000 
281900.000000 
281900.000000 
281900.000000 
281900.000000 
281900.000000 
281900.000000 
281900.000000 
281900.000000 
281900.000000 
281900.000000 
281900.000000 
281900.000000 
281900.000000 
281900.000000 
281900.000000 
281900.000000 
281900.000000 
281900.000000 
281900.000000 
281900.000000 
281900.000000 
281900.000000 
281900.000000 
281900.000000 
281900.000000 
281900.000000 
281900.000000 
281900.000000 
281900.000000 
281900.000000 
281900.000000 
281900.000000 
281900.000000 
281900.000000 
281900.000000 
281900.000000 
281900.000000 
281900.000000 
281900.000000 
281900.000000 
281900.000000 
281900.000000 
281900.000000 
281900.000000 
281900.000000 
281900.000000 
281900.000000 
281900.000000 
281900.000000 
281900.000000 
281900.000000 
281900.000000 
281900.000000 
281900.000000 
281900.000000 
281900.000000 
281900.000000 
281900.000000 
281900.000000 
281900.000000 
281900.000000 
281900.000000 
281900.000000 
281900.000000 
281900.000000 
281900.000000 
281900.000000 
281900.000000 
281900.000000 
281900.000000 
281900.000000 
281900.000000 
281900.000000 
281900.000000 
281900.000000 
281900.000000 
281900.000000 
281900.000000 
281900.000000 
281900.000000 
281900.000000 
281900.000000 
281900.000000 
281900.000000 
281900.000000 
281900.000000 
281900.000000 
281900.000000 
281900.000000 
281900.000000 
281900.000000 
281900.000000 
281900.000000 
281900.000000 
281900.000000 
281900.000000 
281900.000000 
281900.000000 
281900.000000 
281900.000000 
281900.000000 
281900.000000 
281900.000000 
281900.000000 
281900.000000 
281900.000000 
281900.000000 
281900.000000 
281900.000000 
281900.000000 
281900.000000 
281900.000000 
281900.000000 
281900.000000 
281900.000000 
281900.000000 
281900.000000 
281900.000000 
281900.000000 
281900.000000 
281900.000000 
281900.000000 
281900.000000 
281900.000000 
281900.000000 
281900.000000 
281900.000000 
281900.000000 
281900.000000 
281900.000000 
281900.000000 
281900.000000 
281900.000000 
281900.000000 
281900.000000 
281900.000000 
281900.000000 
281900.000000 
281900.000000 
281900.000000 
281900.000000 
281900.000000 
281900.000000 
281900.000000 
281900.000000 
281900.000000 
281900.000000 
281900.000000 
281900.000000 
281900.000000 
281900.000000 
281900.000000 
281900.000000 
281900.000000 
281900.000000 
281900.000000 
281900.000000 
281900.000000 
281900.000000 
281900.000000 
281900.000000 
281900.000000 
281900.000000 
281900.000000 
281900.000000 
281900.000000 
281900.000000 
281900.000000 
281900.000000 
281900.000000 
281900.000000 
281900.000000 
281900.000000 
281900.000000 
281900.000000 
281900.000000 
281900.000000 
281900.000000 
281900.000000 
281900.000000 
281900.000000 
281900.000000 
281900.000000 
281900.000000 
281900.000000 
281900.000000 
281900.000000 
281900.000000 
281900.000000 
281900.000000 
281900.000000 
281900.000000 
281900.000000 
281900.000000 
281900.000000 
281900.000000 
281900.000000 
281900.000000 
281900.000000 
281900.000000 
281900.000000 
281900.000000 
281900.000000 
281900.000000 
281900.000000 
281900.000000 
281900.000000 
281900.000000 
281900.000000 
281900.000000 
281900.000000 
281900.000000 
281900.000000 
281900.000000 
281900.000000 
281900.000000 
281900.000000 
281900.000000 
281900.000000 
281900.000000 
281900.000000 
281900.000000 
281900.000000 
281900.000000 
281900.000000 
281900.000000 
281900.000000 
281900.000000 
281900.000000 
281900.000000 
281900.000000 
281900.000000 
281900.000000 
281900.000000 
281900.000000 
281900.000000 
281900.000000 
281900.000000 
281900.000000 
281900.000000 
281900.000000 
281900.000000 
281900.000000 
281900.000000 
281900.000000 
281900.000000 
281900.000000 
281900.000000 
281900.000000 
281900.000000 
281900.000000 
281900.000000 
281900.000000 
281900.000000 
281900.000000 
281900.000000 
281900.000000 
281900.000000 
281900.000000 
281900.000000 
281900.000000 
281900.000000 
281900.000000 
281900.000000 
281900.000000 
281900.000000 
281900.000000 
281900.000000 
281900.000000 
281900.000000 
281900.000000 
281900.000000 
281900.000000 
281900.000000 
281900.000000 
281900.000000 
281900.000000 
281900.000000 
281900.000000 
281900.000000 
281900.000000 
281900.000000 
281900.000000 
281900.000000 
281900.000000 
281900.000000 
281900.000000 
281900.000000 
281900.000000 
281900.000000 
281900.000000 
281900.000000 
281900.000000 
281900.000000 
281900.000000 
281900.000000 
281900.000000 
281900.000000 
281900.000000 
281900.000000 
281900.000000 
281900.000000 
281900.000000 
281900.000000 
281900.000000 
281900.000000 
281900.000000 
281900.000000 
281900.000000 
281900.000000 
281900.000000 
281900.000000 
281900.000000 
281900.000000 
281900.000000 
281900.000000 
281900.000000 
281900.000000 
281900.000000 
281900.000000 
281900.000000 
281900.000000 
281900.000000 
281900.000000 
281900.000000 
281900.000000 
281900.000000 
281900.000000 
281900.000000 
281900.000000 
281900.000000 
281900.000000 
281900.000000 
281900.000000 
281900.000000 
281900.000000 
281900.000000 
281900.000000 
281900.000000 
281900.000000 
281900.000000 
281900.000000 
281900.000000 
281900.000000 
281900.000000 
281900.000000 
281900.000000 
281900.000000 
281900.000000 
281900.000000 
281900.000000 
281900.000000 
281900.000000 
281900.000000 
281900.000000 
281900.000000 
281900.000000 
281900.000000 
281900.000000 
281900.000000 
281900.000000 
281900.000000 
281900.000000 
281900.000000 
281900.000000 
281900.000000 
281900.000000 
281900.000000 
281900.000000 
281900.000000 
281900.000000 
281900.000000 
281900.000000 
281900.000000 
281900.000000 
281900.000000 
281900.000000 
281900.000000 
281900.000000 
281900.000000 
281900.000000 
281900.000000 
281900.000000 
281900.000000 
281900.000000 
281900.000000 
281900.000000 
281900.000000 
281900.000000 
281900.000000 
281900.000000 
281900.000000 
281900.000000 
281900.000000 
281900.000000 
281900.000000 
281900.000000 
281900.000000 
281900.000000 
281900.000000 
281900.000000 
281900.000000 
281900.000000 
281900.000000 
281900.000000 
281900.000000 
281900.000000 
281900.000000 
281900.000000 
281900.000000 
281900.000000 
281900.000000 
281900.000000 
281900.000000 
281900.000000 
281900.000000 
281900.000000 
281900.000000 
281900.000000 
281900.000000 
281900.000000 
281900.000000 
281900.000000 
281900.000000 
281900.000000 
281900.000000 
281900.000000 
281900.000000 
281900.000000 
281900.000000 
281900.000000 
281900.000000 
281900.000000 
281900.000000 
281900.000000 
281900.000000 
281900.000000 
281900.000000 
281900.000000 
281900.000000 
281900.000000 
281900.000000 
281900.000000 
281900.000000 
281900.000000 
281900.000000 
281900.000000 
281900.000000 
281900.000000 
281900.000000 
281900.000000 
281900.000000 
281900.000000 
281900.000000 
281900.000000 
281900.000000 
281900.000000 
281900.000000 
281900.000000 
281900.000000 
281900.000000 
281900.000000 
281900.000000 
281900.000000 
281900.000000 
281900.000000 
281900.000000 
281900.000000 
281900.000000 
281900.000000 
281900.000000 
281900.000000 
281900.000000 
281900.000000 
281900.000000 
281900.000000 
281900.000000 
281900.000000 
281900.000000 
281900.000000 
281900.000000 
281900.000000 
281900.000000 
281900.000000 
281900.000000 
281900.000000 
281900.000000 
281900.000000 
281900.000000 
281900.000000 
281900.000000 
281900.000000 
281900.000000 
281900.000000 
281900.000000 
281900.000000 
281900.000000 
281900.000000 
281900.000000 
281900.000000 
281900.000000 
281900.000000 
281900.000000 
281900.000000 
281900.000000 
281900.000000 
281900.000000 
281900.000000 
281900.000000 
281900.000000 
281900.000000 
281900.000000 
281900.000000 
281900.000000 
281900.000000 
281900.000000 
281900.000000 
281900.000000 
281900.000000 
281900.000000 
281900.000000 
281900.000000 
281900.000000 
281900.000000 
281900.000000 
281900.000000 
281900.000000 
281900.000000 
281900.000000 
281900.000000 
281900.000000 
281900.000000 
281900.000000 
281900.000000 
281900.000000 
281900.000000 
281900.000000 
281900.000000 
281900.000000 
281900.000000 
281900.000000 
281900.000000 
281900.000000 
281900.000000 
281900.000000 
281900.000000 
281900.000000 
281900.000000 
281900.000000 
281900.000000 
281900.000000 
281900.000000 
281900.000000 
281900.000000 
281900.000000 
281900.000000 
281900.000000 
281900.000000 
281900.000000 
281900.000000 
281900.000000 
281900.000000 
281900.000000 
281900.000000 
281900.000000 
281900.000000 
281900.000000 
281900.000000 
281900.000000 
281900.000000 
281900.000000 
281900.000000 
281900.000000 
281900.000000 
281900.000000 
281900.000000 
281900.000000 
281900.000000 
281900.000000 
281900.000000 
281900.000000 
281900.000000 
281900.000000 
281900.000000 
281900.000000 
281900.000000 
281900.000000 
281900.000000 
281900.000000 
281900.000000 
281900.000000 
281900.000000 
281900.000000 
281900.000000 
281900.000000 
281900.000000 
281900.000000 
281900.000000 
281900.000000 
281900.000000 
281900.000000 
281900.000000 
281900.000000 
281900.000000 
281900.000000 
281900.000000 
281900.000000 
281900.000000 
281900.000000 
281900.000000 
281900.000000 
281900.000000 
281900.000000 
281900.000000 
281900.000000 
281900.000000 
281900.000000 
281900.000000 
281900.000000 
281900.000000 
281900.000000 
281900.000000 
281900.000000 
281900.000000 
281900.000000 
281900.000000 
281900.000000 
281900.000000 
281900.000000 
281900.000000 
281900.000000 
281900.000000 
281900.000000 
281900.000000 
281900.000000 
281900.000000 
281900.000000 
281900.000000 
281900.000000 
281900.000000 
281900.000000 
281900.000000 
281900.000000 
281900.000000 
281900.000000 
281900.000000 
281900.000000 
281900.000000 
281900.000000 
281900.000000 
281900.000000 
281900.000000 
281900.000000 
281900.000000 
281900.000000 
281900.000000 
281900.000000 
281900.000000 
281900.000000 
281900.000000 
281900.000000 
281900.000000 
281900.000000 
281900.000000 
281900.000000 
281900.000000 
281900.000000 
281900.000000 
281900.000000 
281900.000000 
281900.000000 
281900.000000 
281900.000000 
281900.000000 
281900.000000 
281900.000000 
281900.000000 
281900.000000 
281900.000000 
281900.000000 
281900.000000 
281900.000000 
281900.000000 
281900.000000 
281900.000000 
281900.000000 
281900.000000 
281900.000000 
281900.000000 
281900.000000 
281900.000000 
281900.000000 
281900.000000 
281900.000000 
281900.000000 
281900.000000 
281900.000000 
281900.000000 
281900.000000 
281900.000000 
281900.000000 
281900.000000 
281900.000000 
281900.000000 
281900.000000 
281900.000000 
281900.000000 
281900.000000 
281900.000000 
281900.000000 
281900.000000 
281900.000000 
281900.000000 
281900.000000 
281900.000000 
281900.000000 
281900.000000 
281900.000000 
281900.000000 
281900.000000 
281900.000000 
281900.000000 
281900.000000 
281900.000000 
281900.000000 
281900.000000 
281900.000000 
281900.000000 
281900.000000 
281900.000000 
281900.000000 
281900.000000 
281900.000000 
281900.000000 
281900.000000 
281900.000000 
281900.000000 
281900.000000 
281900.000000 
281900.000000 
281900.000000 
281900.000000 
281900.000000 
281900.000000 
281900.000000 
281900.000000 
281900.000000 
281900.000000 
281900.000000 
281900.000000 
281900.000000 
281900.000000 
281900.000000 
281900.000000 
281900.000000 
281900.000000 
281900.000000 
281900.000000 
281900.000000 
281900.000000 
281900.000000 
281900.000000 
281900.000000 
281900.000000 
281900.000000 
281900.000000 
281900.000000 
281900.000000 
281900.000000 
281900.000000 
281900.000000 
281900.000000 
281900.000000 
281900.000000 
281900.000000 
281900.000000 
281900.000000 
281900.000000 
281900.000000 
281900.000000 
281900.000000 
281900.000000 
281900.000000 
281900.000000 
281900.000000 
281900.000000 
281900.000000 
281900.000000 
281900.000000 
281900.000000 
281900.000000 
281900.000000 
281900.000000 
281900.000000 
281900.000000 
281900.000000 
281900.000000 
281900.000000 
281900.000000 
281900.000000 
281900.000000 
281900.000000 
281900.000000 
281900.000000 
281900.000000 
281900.000000 
281900.000000 
281900.000000 
281900.000000 
281900.000000 
281900.000000 
281900.000000 
281900.000000 
281900.000000 
281900.000000 
281900.000000 
281900.000000 
281900.000000 
281900.000000 
281900.000000 
281900.000000 
281900.000000 
281900.000000 
281900.000000 
281900.000000 
281900.000000 
281900.000000 
281900.000000 
281900.000000 
281900.000000 
281900.000000 
281900.000000 
281900.000000 
281900.000000 
281900.000000 
281900.000000 
281900.000000 
281900.000000 
281900.000000 
281900.000000 
281900.000000 
281900.000000 
281900.000000 
281900.000000 
281900.000000 
281900.000000 
281900.000000 
281900.000000 
281900.000000 
281900.000000 
281900.000000 
281900.000000 
281900.000000 
281900.000000 
281900.000000 
281900.000000 
281900.000000 
281900.000000 
281900.000000 
281900.000000 
281900.000000 
281900.000000 
281900.000000 
281900.000000 
281900.000000 
281900.000000 
281900.000000 
281900.000000 
281900.000000 
281900.000000 
281900.000000 
281900.000000 
281900.000000 
281900.000000 
281900.000000 
281900.000000 
281900.000000 
281900.000000 
281900.000000 
281900.000000 
281900.000000 
281900.000000 
281900.000000 
281900.000000 
281900.000000 
281900.000000 
281900.000000 
281900.000000 
281900.000000 
281900.000000 
281900.000000 
281900.000000 
281900.000000 
281900.000000 
281900.000000 
281900.000000 
281900.000000 
281900.000000 
281900.000000 
281900.000000 
281900.000000 
281900.000000 
281900.000000 
281900.000000 
281900.000000 
281900.000000 
281900.000000 
281900.000000 
281900.000000 
281900.000000 
281900.000000 
281900.000000 
281900.000000 
281900.000000 
281900.000000 
281900.000000 
281900.000000 
281900.000000 
281900.000000 
281900.000000 
281900.000000 
281900.000000 
281900.000000 
281900.000000 
281900.000000 
281900.000000 
281900.000000 
281900.000000 
281900.000000 
281900.000000 
281900.000000 
281900.000000 
281900.000000 
281900.000000 
281900.000000 
281900.000000 
281900.000000 
281900.000000 
281900.000000 
281900.000000 
281900.000000 
281900.000000 
281900.000000 
281900.000000 
281900.000000 
281900.000000 
281900.000000 
281900.000000 
281900.000000 
281900.000000 
281900.000000 
281900.000000 
281900.000000 
281900.000000 
281900.000000 
281900.000000 
281900.000000 
