20900.000000 
20900.000000 
21100.000000 
21300.000000 
21500.000000 
21700.000000 
21900.000000 
22100.000000 
22300.000000 
22500.000000 
22700.000000 
22900.000000 
23100.000000 
23300.000000 
23500.000000 
23700.000000 
23900.000000 
24100.000000 
24300.000000 
24500.000000 
24700.000000 
24900.000000 
25100.000000 
25300.000000 
25500.000000 
25700.000000 
25900.000000 
26100.000000 
26300.000000 
26500.000000 
26700.000000 
26900.000000 
27100.000000 
27300.000000 
27500.000000 
27700.000000 
27900.000000 
28100.000000 
28300.000000 
28500.000000 
28700.000000 
28900.000000 
29100.000000 
29300.000000 
29500.000000 
29700.000000 
29900.000000 
30100.000000 
30300.000000 
30500.000000 
30700.000000 
30900.000000 
31100.000000 
31300.000000 
31500.000000 
31700.000000 
31900.000000 
32100.000000 
32300.000000 
32500.000000 
32700.000000 
32900.000000 
33100.000000 
33300.000000 
33500.000000 
33700.000000 
33900.000000 
34100.000000 
34300.000000 
34500.000000 
34700.000000 
34900.000000 
35100.000000 
35300.000000 
35500.000000 
35700.000000 
35900.000000 
36100.000000 
36300.000000 
36500.000000 
36700.000000 
36900.000000 
37100.000000 
37300.000000 
37500.000000 
37700.000000 
37900.000000 
38100.000000 
38300.000000 
38500.000000 
38700.000000 
38900.000000 
39100.000000 
39300.000000 
39500.000000 
39700.000000 
39900.000000 
40100.000000 
40300.000000 
40500.000000 
40700.000000 
40900.000000 
41100.000000 
41300.000000 
41500.000000 
41700.000000 
41900.000000 
42100.000000 
42300.000000 
42500.000000 
42700.000000 
42900.000000 
43100.000000 
43300.000000 
43500.000000 
43700.000000 
43900.000000 
44100.000000 
44300.000000 
44500.000000 
44700.000000 
44900.000000 
45100.000000 
45300.000000 
45500.000000 
45700.000000 
45900.000000 
46100.000000 
46300.000000 
46500.000000 
46700.000000 
46900.000000 
47100.000000 
47300.000000 
47500.000000 
47700.000000 
47900.000000 
48100.000000 
48300.000000 
48500.000000 
48700.000000 
48900.000000 
49100.000000 
49300.000000 
49500.000000 
49700.000000 
49900.000000 
50100.000000 
50300.000000 
50500.000000 
50700.000000 
50900.000000 
51100.000000 
51300.000000 
51500.000000 
51700.000000 
51900.000000 
52100.000000 
52300.000000 
52500.000000 
52700.000000 
52900.000000 
53100.000000 
53300.000000 
53500.000000 
53700.000000 
53900.000000 
54100.000000 
54300.000000 
54500.000000 
54700.000000 
54900.000000 
55100.000000 
55300.000000 
55500.000000 
55700.000000 
55900.000000 
56100.000000 
56300.000000 
56500.000000 
56700.000000 
56900.000000 
57100.000000 
57300.000000 
57500.000000 
57700.000000 
57900.000000 
58100.000000 
58300.000000 
58500.000000 
58700.000000 
58900.000000 
59100.000000 
59300.000000 
59500.000000 
59700.000000 
59900.000000 
60100.000000 
60300.000000 
60500.000000 
60700.000000 
60900.000000 
61100.000000 
61300.000000 
61500.000000 
61700.000000 
61900.000000 
62100.000000 
62300.000000 
62500.000000 
62700.000000 
62900.000000 
63100.000000 
63300.000000 
63500.000000 
63700.000000 
63900.000000 
64100.000000 
64300.000000 
64500.000000 
64700.000000 
64900.000000 
65100.000000 
65300.000000 
65500.000000 
65700.000000 
65900.000000 
66100.000000 
66300.000000 
66500.000000 
66700.000000 
66900.000000 
67100.000000 
67300.000000 
67500.000000 
67700.000000 
67900.000000 
68100.000000 
68300.000000 
68500.000000 
68700.000000 
68900.000000 
69100.000000 
69300.000000 
69500.000000 
69700.000000 
69900.000000 
70100.000000 
70300.000000 
70500.000000 
70700.000000 
70900.000000 
71100.000000 
71300.000000 
71500.000000 
71700.000000 
71900.000000 
72100.000000 
72300.000000 
72500.000000 
72700.000000 
72900.000000 
73100.000000 
73300.000000 
73500.000000 
73700.000000 
73900.000000 
74100.000000 
74300.000000 
74500.000000 
74700.000000 
74900.000000 
75100.000000 
75300.000000 
75500.000000 
75700.000000 
75900.000000 
76100.000000 
76300.000000 
76500.000000 
76700.000000 
76900.000000 
77100.000000 
77300.000000 
77500.000000 
77700.000000 
77900.000000 
78100.000000 
78300.000000 
78500.000000 
78700.000000 
78900.000000 
79100.000000 
79300.000000 
79500.000000 
79700.000000 
79900.000000 
80100.000000 
80300.000000 
80500.000000 
80700.000000 
80950.000000 
81200.000000 
81450.000000 
81700.000000 
81950.000000 
82200.000000 
82450.000000 
82700.000000 
82950.000000 
83200.000000 
83450.000000 
83700.000000 
83950.000000 
84200.000000 
84450.000000 
84700.000000 
84950.000000 
85200.000000 
85450.000000 
85700.000000 
85950.000000 
86200.000000 
86450.000000 
86700.000000 
86950.000000 
87200.000000 
87450.000000 
87700.000000 
87950.000000 
88200.000000 
88450.000000 
88700.000000 
88950.000000 
89200.000000 
89450.000000 
89700.000000 
89950.000000 
90200.000000 
90450.000000 
90700.000000 
90950.000000 
91200.000000 
91450.000000 
91700.000000 
91950.000000 
92200.000000 
92450.000000 
92700.000000 
92950.000000 
93200.000000 
93450.000000 
93700.000000 
93950.000000 
94200.000000 
94450.000000 
94700.000000 
94950.000000 
95200.000000 
95450.000000 
95700.000000 
95950.000000 
96200.000000 
96450.000000 
96700.000000 
96950.000000 
97200.000000 
97450.000000 
97700.000000 
97950.000000 
98200.000000 
98450.000000 
98700.000000 
98950.000000 
99200.000000 
99450.000000 
99700.000000 
99950.000000 
100200.000000 
100450.000000 
100700.000000 
100950.000000 
101200.000000 
101450.000000 
101700.000000 
101950.000000 
102200.000000 
102450.000000 
102700.000000 
102950.000000 
103200.000000 
103450.000000 
103700.000000 
103950.000000 
104200.000000 
104450.000000 
104700.000000 
104950.000000 
105200.000000 
105450.000000 
105700.000000 
105950.000000 
106200.000000 
106450.000000 
106700.000000 
106950.000000 
107200.000000 
107450.000000 
107700.000000 
107950.000000 
108200.000000 
108450.000000 
108700.000000 
108950.000000 
109200.000000 
109450.000000 
109700.000000 
109950.000000 
110200.000000 
110450.000000 
110700.000000 
110950.000000 
111200.000000 
111450.000000 
111700.000000 
111950.000000 
112200.000000 
112450.000000 
112700.000000 
112950.000000 
113200.000000 
113450.000000 
113700.000000 
113950.000000 
114200.000000 
114450.000000 
114700.000000 
114950.000000 
115200.000000 
115450.000000 
115700.000000 
115950.000000 
116200.000000 
116450.000000 
116700.000000 
116950.000000 
117200.000000 
117450.000000 
117700.000000 
117950.000000 
118200.000000 
118450.000000 
118700.000000 
118950.000000 
119200.000000 
119450.000000 
119700.000000 
119950.000000 
120200.000000 
120450.000000 
120700.000000 
120950.000000 
121200.000000 
121450.000000 
121700.000000 
121950.000000 
122200.000000 
122450.000000 
122700.000000 
122950.000000 
123200.000000 
123450.000000 
123700.000000 
123950.000000 
124200.000000 
124450.000000 
124700.000000 
124950.000000 
125200.000000 
125450.000000 
125700.000000 
125950.000000 
126200.000000 
126450.000000 
126700.000000 
126950.000000 
127200.000000 
127450.000000 
127700.000000 
127950.000000 
128200.000000 
128450.000000 
128700.000000 
128950.000000 
129200.000000 
129450.000000 
129700.000000 
129950.000000 
130200.000000 
130450.000000 
130700.000000 
130950.000000 
131200.000000 
131450.000000 
131700.000000 
131950.000000 
132200.000000 
132450.000000 
132700.000000 
132950.000000 
133200.000000 
133450.000000 
133700.000000 
133950.000000 
134200.000000 
134450.000000 
134700.000000 
134950.000000 
135200.000000 
135450.000000 
135700.000000 
135950.000000 
136200.000000 
136450.000000 
136700.000000 
136950.000000 
137200.000000 
137450.000000 
137700.000000 
137950.000000 
138200.000000 
138450.000000 
138700.000000 
138950.000000 
139200.000000 
139450.000000 
139700.000000 
139950.000000 
140200.000000 
140450.000000 
140700.000000 
140950.000000 
141200.000000 
141450.000000 
141700.000000 
141950.000000 
142200.000000 
142450.000000 
142700.000000 
142950.000000 
143200.000000 
143450.000000 
143700.000000 
143950.000000 
144200.000000 
144450.000000 
144700.000000 
144950.000000 
145200.000000 
145450.000000 
145700.000000 
145950.000000 
146200.000000 
146450.000000 
146700.000000 
146950.000000 
147200.000000 
147450.000000 
147700.000000 
147950.000000 
148200.000000 
148450.000000 
148700.000000 
148950.000000 
149200.000000 
149450.000000 
149700.000000 
149950.000000 
150200.000000 
150450.000000 
150700.000000 
150950.000000 
151200.000000 
151450.000000 
151700.000000 
151950.000000 
152200.000000 
152450.000000 
152700.000000 
152950.000000 
153200.000000 
153450.000000 
153700.000000 
153950.000000 
154200.000000 
154450.000000 
154700.000000 
154950.000000 
155200.000000 
155450.000000 
155700.000000 
155950.000000 
156200.000000 
156450.000000 
156700.000000 
156950.000000 
157200.000000 
157450.000000 
157700.000000 
157950.000000 
158200.000000 
158450.000000 
158700.000000 
158950.000000 
159200.000000 
159450.000000 
159700.000000 
159950.000000 
160200.000000 
160450.000000 
160700.000000 
160950.000000 
161200.000000 
161450.000000 
161700.000000 
161950.000000 
162200.000000 
162450.000000 
162700.000000 
162950.000000 
163200.000000 
163450.000000 
163700.000000 
163950.000000 
164200.000000 
164450.000000 
164700.000000 
164950.000000 
165200.000000 
165450.000000 
165700.000000 
165950.000000 
166200.000000 
166450.000000 
166700.000000 
166950.000000 
167200.000000 
167450.000000 
167700.000000 
167950.000000 
168200.000000 
168450.000000 
168700.000000 
168950.000000 
169200.000000 
169450.000000 
169700.000000 
169950.000000 
170200.000000 
170450.000000 
170700.000000 
170950.000000 
171200.000000 
171450.000000 
171700.000000 
171950.000000 
172200.000000 
172450.000000 
172700.000000 
172950.000000 
173200.000000 
173450.000000 
173700.000000 
173950.000000 
174200.000000 
174450.000000 
174700.000000 
174950.000000 
175200.000000 
175450.000000 
175700.000000 
175950.000000 
176200.000000 
176450.000000 
176700.000000 
176950.000000 
177200.000000 
177450.000000 
177700.000000 
177950.000000 
178200.000000 
178450.000000 
178700.000000 
178950.000000 
179200.000000 
179450.000000 
179700.000000 
179950.000000 
180200.000000 
180450.000000 
180700.000000 
180950.000000 
181200.000000 
181450.000000 
181700.000000 
181950.000000 
182200.000000 
182450.000000 
182700.000000 
182950.000000 
183200.000000 
183450.000000 
183700.000000 
183950.000000 
184200.000000 
184450.000000 
184700.000000 
184950.000000 
185200.000000 
185450.000000 
185700.000000 
185950.000000 
186200.000000 
186450.000000 
186700.000000 
186950.000000 
187200.000000 
187450.000000 
187700.000000 
187950.000000 
188200.000000 
188450.000000 
188700.000000 
188950.000000 
189200.000000 
189450.000000 
189700.000000 
189950.000000 
190200.000000 
190450.000000 
190700.000000 
190950.000000 
191200.000000 
191450.000000 
191700.000000 
191950.000000 
192200.000000 
192450.000000 
192700.000000 
192950.000000 
193200.000000 
193450.000000 
193700.000000 
193950.000000 
194200.000000 
194450.000000 
194700.000000 
194950.000000 
195200.000000 
195450.000000 
195700.000000 
195950.000000 
196200.000000 
196450.000000 
196700.000000 
196950.000000 
197200.000000 
197450.000000 
197700.000000 
197950.000000 
198200.000000 
198450.000000 
198700.000000 
198950.000000 
199200.000000 
199450.000000 
199700.000000 
199950.000000 
200200.000000 
200450.000000 
200700.000000 
200950.000000 
201200.000000 
201450.000000 
201700.000000 
201950.000000 
202200.000000 
202450.000000 
202700.000000 
202950.000000 
203200.000000 
203450.000000 
203700.000000 
203950.000000 
204200.000000 
204450.000000 
204700.000000 
204950.000000 
205200.000000 
205450.000000 
205700.000000 
205950.000000 
206200.000000 
206450.000000 
206700.000000 
206950.000000 
207200.000000 
207450.000000 
207700.000000 
207950.000000 
208200.000000 
208450.000000 
208700.000000 
208950.000000 
209200.000000 
209450.000000 
209700.000000 
209950.000000 
210200.000000 
210450.000000 
210700.000000 
210950.000000 
211200.000000 
211450.000000 
211700.000000 
211950.000000 
212200.000000 
212450.000000 
212700.000000 
212950.000000 
213200.000000 
213450.000000 
213700.000000 
213950.000000 
214200.000000 
214450.000000 
214700.000000 
214950.000000 
215200.000000 
215450.000000 
215700.000000 
215950.000000 
216200.000000 
216450.000000 
216700.000000 
216950.000000 
217200.000000 
217450.000000 
217700.000000 
217950.000000 
218200.000000 
218450.000000 
218700.000000 
218950.000000 
219200.000000 
219450.000000 
219700.000000 
219950.000000 
220200.000000 
220450.000000 
220700.000000 
220950.000000 
221200.000000 
221450.000000 
221700.000000 
221950.000000 
222200.000000 
222450.000000 
222700.000000 
222950.000000 
223200.000000 
223450.000000 
223700.000000 
223950.000000 
224200.000000 
224450.000000 
224700.000000 
224950.000000 
225200.000000 
225450.000000 
225700.000000 
225950.000000 
226200.000000 
226450.000000 
226700.000000 
226950.000000 
227200.000000 
227450.000000 
227700.000000 
227950.000000 
228200.000000 
228450.000000 
228700.000000 
228950.000000 
229200.000000 
229450.000000 
229700.000000 
229950.000000 
230200.000000 
230450.000000 
230700.000000 
230950.000000 
231200.000000 
231450.000000 
231700.000000 
231950.000000 
232200.000000 
232450.000000 
232700.000000 
232950.000000 
233200.000000 
233450.000000 
233700.000000 
233950.000000 
234200.000000 
234450.000000 
234700.000000 
234950.000000 
235200.000000 
235450.000000 
235700.000000 
235950.000000 
236200.000000 
236450.000000 
236700.000000 
236950.000000 
237200.000000 
237450.000000 
237700.000000 
237950.000000 
238200.000000 
238450.000000 
238700.000000 
238950.000000 
239200.000000 
239450.000000 
239700.000000 
239950.000000 
240200.000000 
240450.000000 
240700.000000 
240950.000000 
241200.000000 
241450.000000 
241700.000000 
241950.000000 
242200.000000 
242450.000000 
242700.000000 
242950.000000 
243200.000000 
243450.000000 
243700.000000 
243950.000000 
244200.000000 
244450.000000 
244700.000000 
244950.000000 
245200.000000 
245450.000000 
245700.000000 
245950.000000 
246200.000000 
246450.000000 
246700.000000 
246950.000000 
247200.000000 
247450.000000 
247700.000000 
247950.000000 
248200.000000 
248450.000000 
248700.000000 
248950.000000 
249200.000000 
249450.000000 
249700.000000 
249950.000000 
250200.000000 
250450.000000 
250700.000000 
250950.000000 
251200.000000 
251450.000000 
251700.000000 
251950.000000 
252200.000000 
252450.000000 
252700.000000 
252950.000000 
253200.000000 
253450.000000 
253700.000000 
253950.000000 
254200.000000 
254450.000000 
254700.000000 
254950.000000 
255200.000000 
255450.000000 
255700.000000 
255950.000000 
256200.000000 
256450.000000 
256700.000000 
256950.000000 
257200.000000 
257450.000000 
257700.000000 
257950.000000 
258200.000000 
258450.000000 
258700.000000 
258950.000000 
259200.000000 
259450.000000 
259700.000000 
259950.000000 
260200.000000 
260450.000000 
260700.000000 
260950.000000 
261200.000000 
261450.000000 
261700.000000 
261950.000000 
262200.000000 
262450.000000 
262700.000000 
262950.000000 
263200.000000 
263450.000000 
263700.000000 
263950.000000 
264200.000000 
264450.000000 
264700.000000 
264950.000000 
265200.000000 
265450.000000 
265700.000000 
265950.000000 
266200.000000 
266450.000000 
266700.000000 
266950.000000 
267200.000000 
267450.000000 
267700.000000 
267950.000000 
268200.000000 
268450.000000 
268700.000000 
268950.000000 
269200.000000 
269450.000000 
269700.000000 
269950.000000 
270200.000000 
270450.000000 
270700.000000 
270950.000000 
271200.000000 
271450.000000 
271700.000000 
271950.000000 
272200.000000 
272450.000000 
272700.000000 
272950.000000 
273200.000000 
273450.000000 
273700.000000 
273950.000000 
274200.000000 
274450.000000 
274700.000000 
274950.000000 
275200.000000 
275450.000000 
275700.000000 
275950.000000 
276200.000000 
276450.000000 
276700.000000 
276950.000000 
277200.000000 
277450.000000 
277700.000000 
277950.000000 
278200.000000 
278450.000000 
278700.000000 
278950.000000 
279200.000000 
279450.000000 
279700.000000 
279950.000000 
280200.000000 
280450.000000 
280700.000000 
281000.000000 
281300.000000 
281600.000000 
281900.000000 
281900.000000 
281900.000000 
281900.000000 
281900.000000 
281900.000000 
281900.000000 
281900.000000 
281900.000000 
281900.000000 
281900.000000 
281900.000000 
281900.000000 
281900.000000 
281900.000000 
281900.000000 
281900.000000 
281900.000000 
281900.000000 
281900.000000 
281900.000000 
281900.000000 
281900.000000 
281900.000000 
281900.000000 
281900.000000 
281900.000000 
281900.000000 
281900.000000 
281900.000000 
281900.000000 
281900.000000 
281900.000000 
281900.000000 
281900.000000 
281900.000000 
281900.000000 
281900.000000 
281900.000000 
281900.000000 
281900.000000 
281900.000000 
281900.000000 
281900.000000 
281900.000000 
281900.000000 
281900.000000 
281900.000000 
281900.000000 
281900.000000 
281900.000000 
281900.000000 
281900.000000 
281900.000000 
281900.000000 
281900.000000 
281900.000000 
281900.000000 
281900.000000 
281900.000000 
281900.000000 
281900.000000 
281900.000000 
281900.000000 
281900.000000 
281900.000000 
281900.000000 
281900.000000 
281900.000000 
281900.000000 
281900.000000 
281900.000000 
281900.000000 
281900.000000 
281900.000000 
281900.000000 
281900.000000 
281900.000000 
281900.000000 
281900.000000 
281900.000000 
281900.000000 
281900.000000 
281900.000000 
281900.000000 
281900.000000 
281900.000000 
281900.000000 
281900.000000 
281900.000000 
281900.000000 
281900.000000 
281900.000000 
281900.000000 
281900.000000 
281900.000000 
281900.000000 
281900.000000 
281900.000000 
281900.000000 
281900.000000 
281900.000000 
281900.000000 
281900.000000 
281900.000000 
281900.000000 
281900.000000 
281900.000000 
281900.000000 
281900.000000 
281900.000000 
281900.000000 
281900.000000 
281900.000000 
281900.000000 
281900.000000 
281900.000000 
281900.000000 
281900.000000 
281900.000000 
281900.000000 
281900.000000 
281900.000000 
281900.000000 
281900.000000 
281900.000000 
281900.000000 
281900.000000 
281900.000000 
281900.000000 
281900.000000 
281900.000000 
281900.000000 
281900.000000 
281900.000000 
281900.000000 
281900.000000 
281900.000000 
281900.000000 
281900.000000 
281900.000000 
281900.000000 
281900.000000 
281900.000000 
281900.000000 
281900.000000 
281900.000000 
281900.000000 
281900.000000 
281900.000000 
281900.000000 
281900.000000 
281900.000000 
281900.000000 
281900.000000 
281900.000000 
281900.000000 
281900.000000 
281900.000000 
281900.000000 
281900.000000 
281900.000000 
281900.000000 
281900.000000 
281900.000000 
281900.000000 
281900.000000 
281900.000000 
281900.000000 
281900.000000 
281900.000000 
281900.000000 
281900.000000 
281900.000000 
281900.000000 
281900.000000 
281900.000000 
281900.000000 
281900.000000 
281900.000000 
281900.000000 
281900.000000 
281900.000000 
281900.000000 
281900.000000 
281900.000000 
281900.000000 
281900.000000 
281900.000000 
281900.000000 
281900.000000 
281900.000000 
281900.000000 
281900.000000 
281900.000000 
281900.000000 
281900.000000 
281900.000000 
281900.000000 
281900.000000 
281900.000000 
281900.000000 
281900.000000 
281900.000000 
281900.000000 
281900.000000 
281900.000000 
281900.000000 
281900.000000 
281900.000000 
281900.000000 
281900.000000 
281900.000000 
281900.000000 
281900.000000 
281900.000000 
281900.000000 
281900.000000 
281900.000000 
281900.000000 
281900.000000 
281900.000000 
281900.000000 
281900.000000 
281900.000000 
281900.000000 
281900.000000 
281900.000000 
281900.000000 
281900.000000 
281900.000000 
281900.000000 
281900.000000 
281900.000000 
281900.000000 
281900.000000 
281900.000000 
281900.000000 
281900.000000 
281900.000000 
281900.000000 
281900.000000 
281900.000000 
281900.000000 
281900.000000 
281900.000000 
281900.000000 
281900.000000 
281900.000000 
281900.000000 
281900.000000 
281900.000000 
281900.000000 
281900.000000 
281900.000000 
281900.000000 
281900.000000 
281900.000000 
281900.000000 
281900.000000 
281900.000000 
281900.000000 
281900.000000 
281900.000000 
281900.000000 
281900.000000 
281900.000000 
281900.000000 
281900.000000 
281900.000000 
281900.000000 
281900.000000 
281900.000000 
281900.000000 
281900.000000 
281900.000000 
281900.000000 
281900.000000 
281900.000000 
281900.000000 
281900.000000 
281900.000000 
281900.000000 
281900.000000 
281900.000000 
281900.000000 
281900.000000 
281900.000000 
281900.000000 
281900.000000 
281900.000000 
281900.000000 
281900.000000 
281900.000000 
281900.000000 
281900.000000 
281900.000000 
281900.000000 
281900.000000 
281900.000000 
281900.000000 
281900.000000 
281900.000000 
281900.000000 
281900.000000 
281900.000000 
281900.000000 
281900.000000 
281900.000000 
281900.000000 
281900.000000 
281900.000000 
281900.000000 
281900.000000 
281900.000000 
281900.000000 
281900.000000 
281900.000000 
281900.000000 
281900.000000 
281900.000000 
281900.000000 
281900.000000 
281900.000000 
281900.000000 
281900.000000 
281900.000000 
281900.000000 
281900.000000 
281900.000000 
281900.000000 
281900.000000 
281900.000000 
281900.000000 
281900.000000 
281900.000000 
281900.000000 
281900.000000 
281900.000000 
281900.000000 
281900.000000 
281900.000000 
281900.000000 
281900.000000 
281900.000000 
281900.000000 
281900.000000 
281900.000000 
281900.000000 
281900.000000 
281900.000000 
281900.000000 
281900.000000 
281900.000000 
281900.000000 
281900.000000 
281900.000000 
281900.000000 
281900.000000 
281900.000000 
281900.000000 
281900.000000 
281900.000000 
281900.000000 
281900.000000 
281900.000000 
281900.000000 
281900.000000 
281900.000000 
281900.000000 
281900.000000 
281900.000000 
281900.000000 
281900.000000 
281900.000000 
281900.000000 
281900.000000 
281900.000000 
281900.000000 
281900.000000 
281900.000000 
281900.000000 
281900.000000 
281900.000000 
281900.000000 
281900.000000 
281900.000000 
281900.000000 
281900.000000 
281900.000000 
281900.000000 
281900.000000 
281900.000000 
281900.000000 
281900.000000 
281900.000000 
281900.000000 
281900.000000 
281900.000000 
281900.000000 
281900.000000 
281900.000000 
281900.000000 
281900.000000 
281900.000000 
281900.000000 
281900.000000 
281900.000000 
281900.000000 
281900.000000 
281900.000000 
281900.000000 
281900.000000 
281900.000000 
281900.000000 
281900.000000 
281900.000000 
281900.000000 
281900.000000 
281900.000000 
281900.000000 
281900.000000 
281900.000000 
281900.000000 
281900.000000 
281900.000000 
281900.000000 
281900.000000 
281900.000000 
281900.000000 
281900.000000 
281900.000000 
281900.000000 
281900.000000 
281900.000000 
281900.000000 
281900.000000 
281900.000000 
281900.000000 
281900.000000 
281900.000000 
281900.000000 
281900.000000 
281900.000000 
281900.000000 
281900.000000 
281900.000000 
281900.000000 
281900.000000 
281900.000000 
281900.000000 
281900.000000 
281900.000000 
281900.000000 
281900.000000 
281900.000000 
281900.000000 
281900.000000 
281900.000000 
281900.000000 
281900.000000 
281900.000000 
281900.000000 
281900.000000 
281900.000000 
281900.000000 
281900.000000 
281900.000000 
281900.000000 
281900.000000 
281900.000000 
281900.000000 
281900.000000 
281900.000000 
281900.000000 
281900.000000 
281900.000000 
281900.000000 
281900.000000 
281900.000000 
281900.000000 
281900.000000 
281900.000000 
281900.000000 
281900.000000 
281900.000000 
281900.000000 
281900.000000 
281900.000000 
281900.000000 
281900.000000 
281900.000000 
281900.000000 
281900.000000 
281900.000000 
281900.000000 
281900.000000 
281900.000000 
281900.000000 
281900.000000 
281900.000000 
281900.000000 
281900.000000 
281900.000000 
281900.000000 
281900.000000 
281900.000000 
281900.000000 
281900.000000 
281900.000000 
281900.000000 
281900.000000 
281900.000000 
281900.000000 
281900.000000 
281900.000000 
281900.000000 
281900.000000 
281900.000000 
281900.000000 
281900.000000 
281900.000000 
281900.000000 
281900.000000 
281900.000000 
281900.000000 
281900.000000 
281900.000000 
281900.000000 
281900.000000 
281900.000000 
281900.000000 
281900.000000 
281900.000000 
281900.000000 
281900.000000 
281900.000000 
281900.000000 
281900.000000 
281900.000000 
281900.000000 
281900.000000 
281900.000000 
281900.000000 
281900.000000 
281900.000000 
281900.000000 
281900.000000 
281900.000000 
281900.000000 
281900.000000 
281900.000000 
281900.000000 
281900.000000 
281900.000000 
281900.000000 
281900.000000 
281900.000000 
281900.000000 
281900.000000 
281900.000000 
281900.000000 
281900.000000 
281900.000000 
281900.000000 
281900.000000 
281900.000000 
281900.000000 
281900.000000 
281900.000000 
281900.000000 
281900.000000 
281900.000000 
281900.000000 
281900.000000 
281900.000000 
281900.000000 
281900.000000 
281900.000000 
281900.000000 
281900.000000 
281900.000000 
281900.000000 
281900.000000 
281900.000000 
281900.000000 
281900.000000 
281900.000000 
281900.000000 
281900.000000 
281900.000000 
281900.000000 
281900.000000 
281900.000000 
281900.000000 
281900.000000 
281900.000000 
281900.000000 
281900.000000 
281900.000000 
281900.000000 
281900.000000 
281900.000000 
281900.000000 
281900.000000 
281900.000000 
281900.000000 
281900.000000 
281900.000000 
281900.000000 
281900.000000 
281900.000000 
281900.000000 
281900.000000 
281900.000000 
281900.000000 
281900.000000 
281900.000000 
281900.000000 
281900.000000 
281900.000000 
281900.000000 
281900.000000 
281900.000000 
281900.000000 
281900.000000 
281900.000000 
281900.000000 
281900.000000 
281900.000000 
281900.000000 
281900.000000 
281900.000000 
281900.000000 
281900.000000 
281900.000000 
281900.000000 
281900.000000 
281900.000000 
281900.000000 
281900.000000 
281900.000000 
281900.000000 
281900.000000 
281900.000000 
281900.000000 
281900.000000 
281900.000000 
281900.000000 
281900.000000 
281900.000000 
281900.000000 
281900.000000 
281900.000000 
281900.000000 
281900.000000 
281900.000000 
281900.000000 
281900.000000 
281900.000000 
281900.000000 
281900.000000 
281900.000000 
281900.000000 
281900.000000 
281900.000000 
281900.000000 
281900.000000 
281900.000000 
281900.000000 
281900.000000 
281900.000000 
281900.000000 
281900.000000 
281900.000000 
281900.000000 
281900.000000 
281900.000000 
281900.000000 
281900.000000 
281900.000000 
281900.000000 
281900.000000 
281900.000000 
281900.000000 
281900.000000 
281900.000000 
281900.000000 
281900.000000 
281900.000000 
281900.000000 
281900.000000 
281900.000000 
281900.000000 
281900.000000 
281900.000000 
281900.000000 
281900.000000 
281900.000000 
281900.000000 
281900.000000 
281900.000000 
281900.000000 
281900.000000 
281900.000000 
281900.000000 
281900.000000 
281900.000000 
281900.000000 
281900.000000 
281900.000000 
281900.000000 
281900.000000 
281900.000000 
281900.000000 
281900.000000 
281900.000000 
281900.000000 
281900.000000 
281900.000000 
281900.000000 
281900.000000 
281900.000000 
281900.000000 
281900.000000 
281900.000000 
281900.000000 
281900.000000 
281900.000000 
281900.000000 
281900.000000 
281900.000000 
281900.000000 
281900.000000 
281900.000000 
281900.000000 
281900.000000 
281900.000000 
281900.000000 
281900.000000 
281900.000000 
281900.000000 
281900.000000 
281900.000000 
281900.000000 
281900.000000 
281900.000000 
281900.000000 
281900.000000 
281900.000000 
281900.000000 
281900.000000 
281900.000000 
281900.000000 
281900.000000 
281900.000000 
281900.000000 
281900.000000 
281900.000000 
281900.000000 
281900.000000 
281900.000000 
281900.000000 
281900.000000 
281900.000000 
281900.000000 
281900.000000 
281900.000000 
281900.000000 
281900.000000 
281900.000000 
281900.000000 
281900.000000 
281900.000000 
281900.000000 
281900.000000 
281900.000000 
281900.000000 
281900.000000 
281900.000000 
281900.000000 
281900.000000 
281900.000000 
281900.000000 
281900.000000 
281900.000000 
281900.000000 
281900.000000 
281900.000000 
281900.000000 
281900.000000 
281900.000000 
281900.000000 
281900.000000 
281900.000000 
281900.000000 
281900.000000 
281900.000000 
281900.000000 
281900.000000 
281900.000000 
281900.000000 
281900.000000 
281900.000000 
281900.000000 
281900.000000 
281900.000000 
281900.000000 
281900.000000 
281900.000000 
281900.000000 
281900.000000 
281900.000000 
281900.000000 
281900.000000 
281900.000000 
281900.000000 
281900.000000 
281900.000000 
281900.000000 
281900.000000 
281900.000000 
281900.000000 
281900.000000 
281900.000000 
281900.000000 
281900.000000 
281900.000000 
281900.000000 
281900.000000 
281900.000000 
281900.000000 
281900.000000 
281900.000000 
281900.000000 
281900.000000 
281900.000000 
281900.000000 
281900.000000 
281900.000000 
281900.000000 
281900.000000 
281900.000000 
281900.000000 
281900.000000 
281900.000000 
281900.000000 
281900.000000 
281900.000000 
281900.000000 
281900.000000 
281900.000000 
281900.000000 
281900.000000 
281900.000000 
281900.000000 
281900.000000 
281900.000000 
281900.000000 
281900.000000 
281900.000000 
281900.000000 
281900.000000 
281900.000000 
281900.000000 
281900.000000 
281900.000000 
281900.000000 
281900.000000 
281900.000000 
281900.000000 
281900.000000 
281900.000000 
281900.000000 
281900.000000 
281900.000000 
281900.000000 
281900.000000 
281900.000000 
281900.000000 
281900.000000 
281900.000000 
281900.000000 
281900.000000 
281900.000000 
281900.000000 
281900.000000 
281900.000000 
281900.000000 
281900.000000 
281900.000000 
281900.000000 
281900.000000 
281900.000000 
281900.000000 
281900.000000 
