20900.000000 
20900.000000 
21100.000000 
21300.000000 
21500.000000 
21700.000000 
21900.000000 
22100.000000 
22300.000000 
22500.000000 
22700.000000 
22900.000000 
23100.000000 
23300.000000 
23500.000000 
23700.000000 
23900.000000 
24100.000000 
24300.000000 
24500.000000 
24700.000000 
24900.000000 
25100.000000 
25300.000000 
25500.000000 
25700.000000 
25900.000000 
26100.000000 
26300.000000 
26500.000000 
26700.000000 
26900.000000 
27100.000000 
27300.000000 
27500.000000 
27700.000000 
27900.000000 
28100.000000 
28300.000000 
28500.000000 
28700.000000 
28900.000000 
29100.000000 
29300.000000 
29500.000000 
29700.000000 
29900.000000 
30100.000000 
30300.000000 
30500.000000 
30700.000000 
30900.000000 
31100.000000 
31300.000000 
31500.000000 
31700.000000 
31900.000000 
32100.000000 
32300.000000 
32500.000000 
32700.000000 
32900.000000 
33100.000000 
33300.000000 
33500.000000 
33700.000000 
33900.000000 
34100.000000 
34300.000000 
34500.000000 
34700.000000 
34900.000000 
35100.000000 
35300.000000 
35500.000000 
35700.000000 
35900.000000 
36100.000000 
36300.000000 
36500.000000 
36700.000000 
36900.000000 
37100.000000 
37300.000000 
37500.000000 
37700.000000 
37900.000000 
38100.000000 
38300.000000 
38500.000000 
38700.000000 
38900.000000 
39100.000000 
39300.000000 
39500.000000 
39700.000000 
39900.000000 
40100.000000 
40300.000000 
40500.000000 
40700.000000 
40900.000000 
41100.000000 
41300.000000 
41500.000000 
41700.000000 
41900.000000 
42100.000000 
42300.000000 
42500.000000 
42700.000000 
42900.000000 
43100.000000 
43300.000000 
43500.000000 
43700.000000 
43900.000000 
44100.000000 
44300.000000 
44500.000000 
44700.000000 
44900.000000 
45100.000000 
45300.000000 
45500.000000 
45700.000000 
45900.000000 
46100.000000 
46300.000000 
46500.000000 
46700.000000 
46900.000000 
47100.000000 
47300.000000 
47500.000000 
47700.000000 
47900.000000 
48100.000000 
48300.000000 
48500.000000 
48700.000000 
48900.000000 
49100.000000 
49300.000000 
49500.000000 
49700.000000 
49900.000000 
50100.000000 
50300.000000 
50500.000000 
50700.000000 
50900.000000 
51100.000000 
51300.000000 
51500.000000 
51700.000000 
51900.000000 
52100.000000 
52300.000000 
52500.000000 
52700.000000 
52900.000000 
53100.000000 
53300.000000 
53500.000000 
53700.000000 
53900.000000 
54100.000000 
54300.000000 
54500.000000 
54700.000000 
54900.000000 
55100.000000 
55300.000000 
55500.000000 
55700.000000 
55900.000000 
56100.000000 
56300.000000 
56500.000000 
56700.000000 
56900.000000 
57100.000000 
57300.000000 
57500.000000 
57700.000000 
57900.000000 
58100.000000 
58300.000000 
58500.000000 
58700.000000 
58900.000000 
59100.000000 
59300.000000 
59500.000000 
59700.000000 
59900.000000 
60100.000000 
60300.000000 
60500.000000 
60700.000000 
60900.000000 
61100.000000 
61300.000000 
61500.000000 
61700.000000 
61900.000000 
62100.000000 
62300.000000 
62500.000000 
62700.000000 
62900.000000 
63100.000000 
63300.000000 
63500.000000 
63700.000000 
63900.000000 
64100.000000 
64300.000000 
64500.000000 
64700.000000 
64900.000000 
65100.000000 
65300.000000 
65500.000000 
65700.000000 
65900.000000 
66100.000000 
66300.000000 
66500.000000 
66700.000000 
66900.000000 
67100.000000 
67300.000000 
67500.000000 
67700.000000 
67900.000000 
68100.000000 
68300.000000 
68500.000000 
68700.000000 
68900.000000 
69100.000000 
69300.000000 
69500.000000 
69700.000000 
69900.000000 
70100.000000 
70300.000000 
70500.000000 
70700.000000 
70900.000000 
71100.000000 
71300.000000 
71500.000000 
71700.000000 
71900.000000 
72100.000000 
72300.000000 
72500.000000 
72700.000000 
72900.000000 
73100.000000 
73300.000000 
73500.000000 
73700.000000 
73900.000000 
74100.000000 
74300.000000 
74500.000000 
74700.000000 
74900.000000 
75100.000000 
75300.000000 
75500.000000 
75700.000000 
75900.000000 
76100.000000 
76300.000000 
76500.000000 
76700.000000 
76900.000000 
77100.000000 
77300.000000 
77500.000000 
77700.000000 
77900.000000 
78100.000000 
78300.000000 
78500.000000 
78700.000000 
78900.000000 
79100.000000 
79300.000000 
79500.000000 
79700.000000 
79900.000000 
80100.000000 
80300.000000 
80500.000000 
80700.000000 
81000.000000 
81300.000000 
81600.000000 
81900.000000 
82354.545455 
82809.090909 
83263.636364 
83718.181818 
84172.727273 
84627.272727 
85081.818182 
85536.363636 
85990.909091 
86445.454545 
86900.000000 
87354.545455 
87809.090909 
88263.636364 
88718.181818 
89172.727273 
89627.272727 
90081.818182 
90536.363636 
90990.909091 
91445.454545 
91900.000000 
92354.545455 
92809.090909 
93263.636364 
93718.181818 
94172.727273 
94627.272727 
95081.818182 
95536.363636 
95990.909091 
96445.454545 
96900.000000 
97354.545455 
97809.090909 
98263.636364 
98718.181818 
99172.727273 
99627.272727 
100081.818182 
100536.363636 
100990.909091 
101445.454545 
101900.000000 
102354.545455 
102809.090909 
103263.636364 
103718.181818 
104172.727273 
104627.272727 
105081.818182 
105536.363636 
105990.909091 
106445.454545 
106900.000000 
107354.545455 
107809.090909 
108263.636364 
108718.181818 
109172.727273 
109627.272727 
110081.818182 
110536.363636 
110990.909091 
111445.454545 
111900.000000 
112354.545455 
112809.090909 
113263.636364 
113718.181818 
114172.727273 
114627.272727 
115081.818182 
115536.363636 
115990.909091 
116445.454545 
116900.000000 
117354.545455 
117809.090909 
118263.636364 
118718.181818 
119172.727273 
119627.272727 
120081.818182 
120536.363636 
120990.909091 
121445.454545 
121900.000000 
122354.545455 
122809.090909 
123263.636364 
123718.181818 
124172.727273 
124627.272727 
125081.818182 
125536.363636 
125990.909091 
126445.454545 
126900.000000 
127354.545455 
127809.090909 
128263.636364 
128718.181818 
129172.727273 
129627.272727 
130081.818182 
130536.363636 
130990.909091 
131445.454545 
131900.000000 
132354.545455 
132809.090909 
133263.636364 
133718.181818 
134172.727273 
134627.272727 
135081.818182 
135536.363636 
135990.909091 
136445.454545 
136900.000000 
137354.545455 
137809.090909 
138263.636364 
138718.181818 
139172.727273 
139627.272727 
140081.818182 
140536.363636 
140990.909091 
141445.454545 
141900.000000 
142354.545455 
142809.090909 
143263.636364 
143718.181818 
144172.727273 
144627.272727 
145081.818182 
145536.363636 
145990.909091 
146445.454545 
146900.000000 
147354.545455 
147809.090909 
148263.636364 
148718.181818 
149172.727273 
149627.272727 
150081.818182 
150536.363636 
150990.909091 
151445.454545 
151900.000000 
152354.545455 
152809.090909 
153263.636364 
153718.181818 
154172.727273 
154627.272727 
155081.818182 
155536.363636 
155990.909091 
156445.454545 
156900.000000 
157354.545455 
157809.090909 
158263.636364 
158718.181818 
159172.727273 
159627.272727 
160081.818182 
160536.363636 
160990.909091 
161445.454545 
161900.000000 
162354.545455 
162809.090909 
163263.636364 
163718.181818 
164172.727273 
164627.272727 
165081.818182 
165536.363636 
165990.909091 
166445.454545 
166900.000000 
167354.545455 
167809.090909 
168263.636364 
168718.181818 
169172.727273 
169627.272727 
170081.818182 
170536.363636 
170990.909091 
171445.454545 
171900.000000 
172354.545455 
172809.090909 
173263.636364 
173718.181818 
174172.727273 
174627.272727 
175081.818182 
175536.363636 
175990.909091 
176445.454545 
176900.000000 
177354.545455 
177809.090909 
178263.636364 
178718.181818 
179172.727273 
179627.272727 
180081.818182 
180536.363636 
180990.909091 
181445.454545 
181900.000000 
182354.545455 
182809.090909 
183263.636364 
183718.181818 
184172.727273 
184627.272727 
185081.818182 
185536.363636 
185990.909091 
186445.454545 
186900.000000 
187354.545455 
187809.090909 
188263.636364 
188718.181818 
189172.727273 
189627.272727 
190081.818182 
190536.363636 
190990.909091 
191445.454545 
191900.000000 
192354.545455 
192809.090909 
193263.636364 
193718.181818 
194172.727273 
194627.272727 
195081.818182 
195536.363636 
195990.909091 
196445.454545 
196900.000000 
197354.545455 
197809.090909 
198263.636364 
198718.181818 
199172.727273 
199627.272727 
200081.818182 
200536.363636 
200990.909091 
201445.454545 
201900.000000 
202354.545455 
202809.090909 
203263.636364 
203718.181818 
204172.727273 
204627.272727 
205081.818182 
205536.363636 
205990.909091 
206445.454545 
206900.000000 
207354.545455 
207809.090909 
208263.636364 
208718.181818 
209172.727273 
209627.272727 
210081.818182 
210536.363636 
210990.909091 
211445.454545 
211900.000000 
212354.545455 
212809.090909 
213263.636364 
213718.181818 
214172.727273 
214627.272727 
215081.818182 
215536.363636 
215990.909091 
216445.454545 
216900.000000 
217354.545455 
217809.090909 
218263.636364 
218718.181818 
219172.727273 
219627.272727 
220081.818182 
220536.363636 
220990.909091 
221445.454545 
221900.000000 
222354.545455 
222809.090909 
223263.636364 
223718.181818 
224172.727273 
224627.272727 
225081.818182 
225536.363636 
225990.909091 
226445.454545 
226900.000000 
227354.545455 
227809.090909 
228263.636364 
228718.181818 
229172.727273 
229627.272727 
230081.818182 
230536.363636 
230990.909091 
231445.454545 
231900.000000 
232354.545455 
232809.090909 
233263.636364 
233718.181818 
234172.727273 
234627.272727 
235081.818182 
235536.363636 
235990.909091 
236445.454545 
236900.000000 
237354.545455 
237809.090909 
238263.636364 
238718.181818 
239172.727273 
239627.272727 
240081.818182 
240536.363636 
240990.909091 
241445.454545 
241900.000000 
242354.545455 
242809.090909 
243263.636364 
243718.181818 
244172.727273 
244627.272727 
245081.818182 
245536.363636 
245990.909091 
246445.454545 
246900.000000 
247354.545455 
247809.090909 
248263.636364 
248718.181818 
249172.727273 
249627.272727 
250081.818182 
250536.363636 
250990.909091 
251445.454545 
251900.000000 
252354.545455 
252809.090909 
253263.636364 
253718.181818 
254172.727273 
254627.272727 
255081.818182 
255536.363636 
255990.909091 
256445.454545 
256900.000000 
257354.545455 
257809.090909 
258263.636364 
258718.181818 
259172.727273 
259627.272727 
260081.818182 
260536.363636 
260990.909091 
261445.454545 
261900.000000 
262354.545455 
262809.090909 
263263.636364 
263718.181818 
264172.727273 
264627.272727 
265081.818182 
265536.363636 
265990.909091 
266445.454545 
266900.000000 
267354.545455 
267809.090909 
268263.636364 
268718.181818 
269172.727273 
269627.272727 
270081.818182 
270536.363636 
270990.909091 
271445.454545 
271900.000000 
272354.545455 
272809.090909 
273263.636364 
273718.181818 
274172.727273 
274627.272727 
275081.818182 
275536.363636 
275990.909091 
276445.454545 
276900.000000 
277354.545455 
277809.090909 
278263.636364 
278718.181818 
279172.727273 
279627.272727 
280081.818182 
280536.363636 
280990.909091 
281445.454545 
281900.000000 
281900.000000 
281900.000000 
281900.000000 
281900.000000 
281900.000000 
281900.000000 
281900.000000 
281900.000000 
281900.000000 
281900.000000 
281900.000000 
281900.000000 
281900.000000 
281900.000000 
281900.000000 
281900.000000 
281900.000000 
281900.000000 
281900.000000 
281900.000000 
281900.000000 
281900.000000 
281900.000000 
281900.000000 
281900.000000 
281900.000000 
281900.000000 
281900.000000 
281900.000000 
281900.000000 
281900.000000 
281900.000000 
281900.000000 
281900.000000 
281900.000000 
281900.000000 
281900.000000 
281900.000000 
281900.000000 
281900.000000 
281900.000000 
281900.000000 
281900.000000 
281900.000000 
281900.000000 
281900.000000 
281900.000000 
281900.000000 
281900.000000 
281900.000000 
281900.000000 
281900.000000 
281900.000000 
281900.000000 
281900.000000 
281900.000000 
281900.000000 
281900.000000 
281900.000000 
281900.000000 
281900.000000 
281900.000000 
281900.000000 
281900.000000 
281900.000000 
281900.000000 
281900.000000 
281900.000000 
281900.000000 
281900.000000 
281900.000000 
281900.000000 
281900.000000 
281900.000000 
281900.000000 
281900.000000 
281900.000000 
281900.000000 
281900.000000 
281900.000000 
281900.000000 
281900.000000 
281900.000000 
281900.000000 
281900.000000 
281900.000000 
281900.000000 
281900.000000 
281900.000000 
281900.000000 
281900.000000 
281900.000000 
281900.000000 
281900.000000 
281900.000000 
281900.000000 
281900.000000 
281900.000000 
281900.000000 
281900.000000 
281900.000000 
281900.000000 
281900.000000 
281900.000000 
281900.000000 
281900.000000 
281900.000000 
281900.000000 
281900.000000 
281900.000000 
281900.000000 
281900.000000 
281900.000000 
281900.000000 
281900.000000 
281900.000000 
281900.000000 
281900.000000 
281900.000000 
281900.000000 
281900.000000 
281900.000000 
281900.000000 
281900.000000 
281900.000000 
281900.000000 
281900.000000 
281900.000000 
281900.000000 
281900.000000 
281900.000000 
281900.000000 
281900.000000 
281900.000000 
281900.000000 
281900.000000 
281900.000000 
281900.000000 
281900.000000 
281900.000000 
281900.000000 
281900.000000 
281900.000000 
281900.000000 
281900.000000 
281900.000000 
281900.000000 
281900.000000 
281900.000000 
281900.000000 
281900.000000 
281900.000000 
281900.000000 
281900.000000 
281900.000000 
281900.000000 
281900.000000 
281900.000000 
281900.000000 
281900.000000 
281900.000000 
281900.000000 
281900.000000 
281900.000000 
281900.000000 
281900.000000 
281900.000000 
281900.000000 
281900.000000 
281900.000000 
281900.000000 
281900.000000 
281900.000000 
281900.000000 
281900.000000 
281900.000000 
281900.000000 
281900.000000 
281900.000000 
281900.000000 
281900.000000 
281900.000000 
281900.000000 
281900.000000 
281900.000000 
281900.000000 
281900.000000 
281900.000000 
281900.000000 
281900.000000 
281900.000000 
281900.000000 
281900.000000 
281900.000000 
281900.000000 
281900.000000 
281900.000000 
281900.000000 
281900.000000 
281900.000000 
281900.000000 
281900.000000 
281900.000000 
281900.000000 
281900.000000 
281900.000000 
281900.000000 
281900.000000 
281900.000000 
281900.000000 
281900.000000 
281900.000000 
281900.000000 
281900.000000 
281900.000000 
281900.000000 
281900.000000 
281900.000000 
281900.000000 
281900.000000 
281900.000000 
281900.000000 
281900.000000 
281900.000000 
281900.000000 
281900.000000 
281900.000000 
281900.000000 
281900.000000 
281900.000000 
281900.000000 
281900.000000 
281900.000000 
281900.000000 
281900.000000 
281900.000000 
281900.000000 
281900.000000 
281900.000000 
281900.000000 
281900.000000 
281900.000000 
281900.000000 
281900.000000 
281900.000000 
281900.000000 
281900.000000 
281900.000000 
281900.000000 
281900.000000 
281900.000000 
281900.000000 
281900.000000 
281900.000000 
281900.000000 
281900.000000 
281900.000000 
281900.000000 
281900.000000 
281900.000000 
281900.000000 
281900.000000 
281900.000000 
281900.000000 
281900.000000 
281900.000000 
281900.000000 
281900.000000 
281900.000000 
281900.000000 
281900.000000 
281900.000000 
281900.000000 
281900.000000 
281900.000000 
281900.000000 
281900.000000 
281900.000000 
281900.000000 
281900.000000 
281900.000000 
281900.000000 
281900.000000 
281900.000000 
281900.000000 
281900.000000 
281900.000000 
281900.000000 
281900.000000 
281900.000000 
281900.000000 
281900.000000 
281900.000000 
281900.000000 
281900.000000 
281900.000000 
281900.000000 
281900.000000 
281900.000000 
281900.000000 
281900.000000 
281900.000000 
281900.000000 
281900.000000 
281900.000000 
281900.000000 
281900.000000 
281900.000000 
281900.000000 
281900.000000 
281900.000000 
281900.000000 
281900.000000 
281900.000000 
281900.000000 
281900.000000 
281900.000000 
281900.000000 
281900.000000 
281900.000000 
281900.000000 
281900.000000 
281900.000000 
281900.000000 
281900.000000 
281900.000000 
281900.000000 
281900.000000 
281900.000000 
281900.000000 
281900.000000 
281900.000000 
281900.000000 
281900.000000 
281900.000000 
281900.000000 
281900.000000 
281900.000000 
281900.000000 
281900.000000 
281900.000000 
281900.000000 
281900.000000 
281900.000000 
281900.000000 
281900.000000 
281900.000000 
281900.000000 
281900.000000 
281900.000000 
281900.000000 
281900.000000 
281900.000000 
281900.000000 
281900.000000 
281900.000000 
281900.000000 
281900.000000 
281900.000000 
281900.000000 
281900.000000 
281900.000000 
281900.000000 
281900.000000 
281900.000000 
281900.000000 
281900.000000 
281900.000000 
281900.000000 
281900.000000 
281900.000000 
281900.000000 
281900.000000 
281900.000000 
281900.000000 
281900.000000 
281900.000000 
281900.000000 
281900.000000 
281900.000000 
281900.000000 
281900.000000 
281900.000000 
281900.000000 
281900.000000 
281900.000000 
281900.000000 
281900.000000 
281900.000000 
281900.000000 
281900.000000 
281900.000000 
281900.000000 
281900.000000 
281900.000000 
281900.000000 
281900.000000 
281900.000000 
281900.000000 
281900.000000 
281900.000000 
281900.000000 
281900.000000 
281900.000000 
281900.000000 
281900.000000 
281900.000000 
281900.000000 
281900.000000 
281900.000000 
281900.000000 
281900.000000 
281900.000000 
281900.000000 
281900.000000 
281900.000000 
281900.000000 
281900.000000 
281900.000000 
281900.000000 
281900.000000 
281900.000000 
281900.000000 
281900.000000 
281900.000000 
281900.000000 
281900.000000 
281900.000000 
281900.000000 
281900.000000 
281900.000000 
281900.000000 
281900.000000 
281900.000000 
281900.000000 
281900.000000 
281900.000000 
281900.000000 
281900.000000 
281900.000000 
281900.000000 
281900.000000 
281900.000000 
281900.000000 
281900.000000 
281900.000000 
281900.000000 
281900.000000 
281900.000000 
281900.000000 
281900.000000 
281900.000000 
281900.000000 
281900.000000 
281900.000000 
281900.000000 
281900.000000 
281900.000000 
281900.000000 
281900.000000 
281900.000000 
281900.000000 
281900.000000 
281900.000000 
281900.000000 
281900.000000 
281900.000000 
281900.000000 
281900.000000 
281900.000000 
281900.000000 
281900.000000 
281900.000000 
281900.000000 
281900.000000 
281900.000000 
281900.000000 
281900.000000 
281900.000000 
281900.000000 
281900.000000 
281900.000000 
281900.000000 
281900.000000 
281900.000000 
281900.000000 
281900.000000 
281900.000000 
281900.000000 
281900.000000 
281900.000000 
281900.000000 
281900.000000 
281900.000000 
281900.000000 
281900.000000 
281900.000000 
281900.000000 
281900.000000 
281900.000000 
281900.000000 
281900.000000 
281900.000000 
281900.000000 
281900.000000 
281900.000000 
281900.000000 
281900.000000 
281900.000000 
281900.000000 
281900.000000 
281900.000000 
281900.000000 
281900.000000 
281900.000000 
281900.000000 
281900.000000 
281900.000000 
281900.000000 
281900.000000 
281900.000000 
281900.000000 
281900.000000 
281900.000000 
281900.000000 
281900.000000 
281900.000000 
281900.000000 
281900.000000 
281900.000000 
281900.000000 
281900.000000 
281900.000000 
281900.000000 
281900.000000 
281900.000000 
281900.000000 
281900.000000 
281900.000000 
281900.000000 
281900.000000 
281900.000000 
281900.000000 
281900.000000 
281900.000000 
281900.000000 
281900.000000 
281900.000000 
281900.000000 
281900.000000 
281900.000000 
281900.000000 
281900.000000 
281900.000000 
281900.000000 
281900.000000 
281900.000000 
281900.000000 
281900.000000 
281900.000000 
281900.000000 
281900.000000 
281900.000000 
281900.000000 
281900.000000 
281900.000000 
281900.000000 
281900.000000 
281900.000000 
281900.000000 
281900.000000 
281900.000000 
281900.000000 
281900.000000 
281900.000000 
281900.000000 
281900.000000 
281900.000000 
281900.000000 
281900.000000 
281900.000000 
281900.000000 
281900.000000 
281900.000000 
281900.000000 
281900.000000 
281900.000000 
281900.000000 
281900.000000 
281900.000000 
281900.000000 
281900.000000 
281900.000000 
281900.000000 
281900.000000 
281900.000000 
281900.000000 
281900.000000 
281900.000000 
281900.000000 
281900.000000 
281900.000000 
281900.000000 
281900.000000 
281900.000000 
281900.000000 
281900.000000 
281900.000000 
281900.000000 
281900.000000 
281900.000000 
281900.000000 
281900.000000 
281900.000000 
281900.000000 
281900.000000 
281900.000000 
281900.000000 
281900.000000 
281900.000000 
281900.000000 
281900.000000 
281900.000000 
281900.000000 
281900.000000 
281900.000000 
281900.000000 
281900.000000 
281900.000000 
281900.000000 
281900.000000 
281900.000000 
281900.000000 
281900.000000 
281900.000000 
281900.000000 
281900.000000 
281900.000000 
281900.000000 
281900.000000 
281900.000000 
281900.000000 
281900.000000 
281900.000000 
281900.000000 
281900.000000 
281900.000000 
281900.000000 
281900.000000 
281900.000000 
281900.000000 
281900.000000 
281900.000000 
281900.000000 
281900.000000 
281900.000000 
281900.000000 
281900.000000 
281900.000000 
281900.000000 
281900.000000 
281900.000000 
281900.000000 
281900.000000 
281900.000000 
281900.000000 
281900.000000 
281900.000000 
281900.000000 
281900.000000 
281900.000000 
281900.000000 
281900.000000 
281900.000000 
281900.000000 
281900.000000 
281900.000000 
281900.000000 
281900.000000 
281900.000000 
281900.000000 
281900.000000 
281900.000000 
281900.000000 
281900.000000 
281900.000000 
281900.000000 
281900.000000 
281900.000000 
281900.000000 
281900.000000 
281900.000000 
281900.000000 
281900.000000 
281900.000000 
281900.000000 
281900.000000 
281900.000000 
281900.000000 
281900.000000 
281900.000000 
281900.000000 
281900.000000 
281900.000000 
281900.000000 
281900.000000 
281900.000000 
281900.000000 
281900.000000 
281900.000000 
281900.000000 
281900.000000 
281900.000000 
281900.000000 
281900.000000 
281900.000000 
281900.000000 
281900.000000 
281900.000000 
281900.000000 
281900.000000 
281900.000000 
281900.000000 
281900.000000 
281900.000000 
281900.000000 
281900.000000 
281900.000000 
281900.000000 
281900.000000 
281900.000000 
281900.000000 
281900.000000 
281900.000000 
281900.000000 
281900.000000 
281900.000000 
281900.000000 
281900.000000 
281900.000000 
281900.000000 
281900.000000 
281900.000000 
281900.000000 
281900.000000 
281900.000000 
281900.000000 
281900.000000 
281900.000000 
281900.000000 
281900.000000 
281900.000000 
281900.000000 
281900.000000 
281900.000000 
281900.000000 
281900.000000 
281900.000000 
281900.000000 
281900.000000 
281900.000000 
281900.000000 
281900.000000 
281900.000000 
281900.000000 
281900.000000 
281900.000000 
281900.000000 
281900.000000 
281900.000000 
281900.000000 
281900.000000 
281900.000000 
281900.000000 
281900.000000 
281900.000000 
281900.000000 
281900.000000 
281900.000000 
281900.000000 
281900.000000 
281900.000000 
281900.000000 
281900.000000 
281900.000000 
281900.000000 
281900.000000 
281900.000000 
281900.000000 
281900.000000 
281900.000000 
281900.000000 
281900.000000 
281900.000000 
281900.000000 
281900.000000 
281900.000000 
281900.000000 
281900.000000 
281900.000000 
281900.000000 
281900.000000 
281900.000000 
281900.000000 
281900.000000 
281900.000000 
281900.000000 
281900.000000 
281900.000000 
281900.000000 
281900.000000 
281900.000000 
281900.000000 
281900.000000 
281900.000000 
281900.000000 
281900.000000 
281900.000000 
281900.000000 
281900.000000 
281900.000000 
281900.000000 
281900.000000 
281900.000000 
281900.000000 
281900.000000 
281900.000000 
281900.000000 
281900.000000 
281900.000000 
281900.000000 
281900.000000 
281900.000000 
281900.000000 
281900.000000 
281900.000000 
281900.000000 
281900.000000 
281900.000000 
281900.000000 
281900.000000 
281900.000000 
281900.000000 
281900.000000 
281900.000000 
281900.000000 
281900.000000 
281900.000000 
281900.000000 
281900.000000 
281900.000000 
281900.000000 
281900.000000 
281900.000000 
281900.000000 
281900.000000 
281900.000000 
281900.000000 
281900.000000 
281900.000000 
281900.000000 
281900.000000 
281900.000000 
281900.000000 
281900.000000 
281900.000000 
281900.000000 
281900.000000 
281900.000000 
281900.000000 
281900.000000 
281900.000000 
281900.000000 
281900.000000 
281900.000000 
281900.000000 
281900.000000 
281900.000000 
281900.000000 
281900.000000 
281900.000000 
281900.000000 
281900.000000 
281900.000000 
281900.000000 
281900.000000 
281900.000000 
281900.000000 
281900.000000 
281900.000000 
281900.000000 
281900.000000 
281900.000000 
281900.000000 
281900.000000 
281900.000000 
281900.000000 
281900.000000 
281900.000000 
281900.000000 
281900.000000 
281900.000000 
281900.000000 
281900.000000 
281900.000000 
281900.000000 
281900.000000 
281900.000000 
281900.000000 
281900.000000 
281900.000000 
281900.000000 
281900.000000 
281900.000000 
281900.000000 
281900.000000 
281900.000000 
281900.000000 
281900.000000 
281900.000000 
281900.000000 
281900.000000 
281900.000000 
281900.000000 
281900.000000 
281900.000000 
281900.000000 
281900.000000 
281900.000000 
281900.000000 
281900.000000 
281900.000000 
281900.000000 
281900.000000 
281900.000000 
281900.000000 
281900.000000 
281900.000000 
281900.000000 
281900.000000 
281900.000000 
281900.000000 
281900.000000 
281900.000000 
281900.000000 
281900.000000 
281900.000000 
281900.000000 
281900.000000 
281900.000000 
281900.000000 
281900.000000 
281900.000000 
281900.000000 
281900.000000 
281900.000000 
281900.000000 
281900.000000 
281900.000000 
281900.000000 
281900.000000 
281900.000000 
281900.000000 
281900.000000 
281900.000000 
281900.000000 
281900.000000 
281900.000000 
281900.000000 
281900.000000 
281900.000000 
281900.000000 
281900.000000 
281900.000000 
281900.000000 
281900.000000 
281900.000000 
281900.000000 
281900.000000 
281900.000000 
281900.000000 
281900.000000 
281900.000000 
281900.000000 
281900.000000 
281900.000000 
281900.000000 
281900.000000 
281900.000000 
281900.000000 
281900.000000 
281900.000000 
281900.000000 
281900.000000 
281900.000000 
281900.000000 
281900.000000 
281900.000000 
281900.000000 
281900.000000 
281900.000000 
281900.000000 
281900.000000 
281900.000000 
281900.000000 
281900.000000 
281900.000000 
281900.000000 
281900.000000 
281900.000000 
281900.000000 
281900.000000 
281900.000000 
281900.000000 
281900.000000 
281900.000000 
281900.000000 
281900.000000 
281900.000000 
281900.000000 
281900.000000 
281900.000000 
281900.000000 
281900.000000 
281900.000000 
281900.000000 
281900.000000 
281900.000000 
281900.000000 
281900.000000 
281900.000000 
281900.000000 
281900.000000 
281900.000000 
281900.000000 
281900.000000 
281900.000000 
281900.000000 
281900.000000 
281900.000000 
281900.000000 
281900.000000 
281900.000000 
281900.000000 
281900.000000 
281900.000000 
281900.000000 
281900.000000 
281900.000000 
281900.000000 
281900.000000 
281900.000000 
281900.000000 
281900.000000 
281900.000000 
281900.000000 
281900.000000 
281900.000000 
281900.000000 
281900.000000 
281900.000000 
281900.000000 
281900.000000 
281900.000000 
281900.000000 
281900.000000 
281900.000000 
281900.000000 
281900.000000 
281900.000000 
281900.000000 
281900.000000 
281900.000000 
281900.000000 
281900.000000 
281900.000000 
281900.000000 
281900.000000 
281900.000000 
281900.000000 
281900.000000 
281900.000000 
281900.000000 
281900.000000 
281900.000000 
281900.000000 
281900.000000 
281900.000000 
281900.000000 
281900.000000 
281900.000000 
281900.000000 
281900.000000 
281900.000000 
281900.000000 
281900.000000 
281900.000000 
281900.000000 
281900.000000 
281900.000000 
281900.000000 
281900.000000 
281900.000000 
281900.000000 
281900.000000 
281900.000000 
281900.000000 
281900.000000 
281900.000000 
281900.000000 
281900.000000 
281900.000000 
281900.000000 
281900.000000 
281900.000000 
281900.000000 
281900.000000 
281900.000000 
281900.000000 
281900.000000 
281900.000000 
281900.000000 
281900.000000 
281900.000000 
281900.000000 
281900.000000 
281900.000000 
281900.000000 
281900.000000 
281900.000000 
281900.000000 
281900.000000 
281900.000000 
281900.000000 
281900.000000 
281900.000000 
281900.000000 
281900.000000 
281900.000000 
281900.000000 
281900.000000 
281900.000000 
281900.000000 
281900.000000 
281900.000000 
281900.000000 
281900.000000 
281900.000000 
281900.000000 
281900.000000 
281900.000000 
281900.000000 
281900.000000 
281900.000000 
281900.000000 
281900.000000 
281900.000000 
281900.000000 
281900.000000 
281900.000000 
281900.000000 
281900.000000 
281900.000000 
281900.000000 
281900.000000 
281900.000000 
281900.000000 
281900.000000 
281900.000000 
281900.000000 
281900.000000 
281900.000000 
281900.000000 
281900.000000 
281900.000000 
281900.000000 
281900.000000 
281900.000000 
281900.000000 
281900.000000 
281900.000000 
281900.000000 
281900.000000 
281900.000000 
281900.000000 
281900.000000 
281900.000000 
281900.000000 
281900.000000 
281900.000000 
281900.000000 
281900.000000 
281900.000000 
281900.000000 
281900.000000 
281900.000000 
281900.000000 
281900.000000 
281900.000000 
281900.000000 
281900.000000 
281900.000000 
281900.000000 
281900.000000 
281900.000000 
281900.000000 
281900.000000 
281900.000000 
281900.000000 
281900.000000 
281900.000000 
281900.000000 
281900.000000 
281900.000000 
281900.000000 
281900.000000 
281900.000000 
281900.000000 
281900.000000 
281900.000000 
281900.000000 
281900.000000 
281900.000000 
281900.000000 
281900.000000 
281900.000000 
281900.000000 
281900.000000 
281900.000000 
281900.000000 
281900.000000 
281900.000000 
281900.000000 
281900.000000 
281900.000000 
281900.000000 
281900.000000 
281900.000000 
281900.000000 
281900.000000 
281900.000000 
281900.000000 
281900.000000 
281900.000000 
281900.000000 
281900.000000 
281900.000000 
281900.000000 
281900.000000 
281900.000000 
281900.000000 
281900.000000 
281900.000000 
281900.000000 
281900.000000 
