20900.000000 
20900.000000 
21100.000000 
21300.000000 
21500.000000 
21700.000000 
21900.000000 
22100.000000 
22300.000000 
22500.000000 
22700.000000 
22900.000000 
23100.000000 
23300.000000 
23500.000000 
23700.000000 
23900.000000 
24100.000000 
24300.000000 
24500.000000 
24700.000000 
24900.000000 
25100.000000 
25300.000000 
25500.000000 
25700.000000 
25900.000000 
26100.000000 
26300.000000 
26500.000000 
26700.000000 
26900.000000 
27100.000000 
27300.000000 
27500.000000 
27700.000000 
27900.000000 
28100.000000 
28300.000000 
28500.000000 
28700.000000 
28900.000000 
29100.000000 
29300.000000 
29500.000000 
29700.000000 
29900.000000 
30100.000000 
30300.000000 
30500.000000 
30700.000000 
30900.000000 
31100.000000 
31300.000000 
31500.000000 
31700.000000 
31900.000000 
32100.000000 
32300.000000 
32500.000000 
32700.000000 
32900.000000 
33100.000000 
33300.000000 
33500.000000 
33700.000000 
33900.000000 
34100.000000 
34300.000000 
34500.000000 
34700.000000 
34900.000000 
35100.000000 
35300.000000 
35500.000000 
35700.000000 
35900.000000 
36100.000000 
36300.000000 
36500.000000 
36700.000000 
36900.000000 
37100.000000 
37300.000000 
37500.000000 
37700.000000 
37900.000000 
38100.000000 
38300.000000 
38500.000000 
38700.000000 
38900.000000 
39100.000000 
39300.000000 
39500.000000 
39700.000000 
39900.000000 
40100.000000 
40300.000000 
40500.000000 
40700.000000 
40900.000000 
41100.000000 
41300.000000 
41500.000000 
41700.000000 
41900.000000 
42100.000000 
42300.000000 
42500.000000 
42700.000000 
42900.000000 
43100.000000 
43300.000000 
43500.000000 
43700.000000 
43900.000000 
44100.000000 
44300.000000 
44500.000000 
44700.000000 
44900.000000 
45100.000000 
45300.000000 
45500.000000 
45700.000000 
45900.000000 
46100.000000 
46300.000000 
46500.000000 
46700.000000 
46900.000000 
47100.000000 
47300.000000 
47500.000000 
47700.000000 
47900.000000 
48100.000000 
48300.000000 
48500.000000 
48700.000000 
48900.000000 
49100.000000 
49300.000000 
49500.000000 
49700.000000 
49900.000000 
50100.000000 
50300.000000 
50500.000000 
50700.000000 
50900.000000 
51100.000000 
51300.000000 
51500.000000 
51700.000000 
51900.000000 
52100.000000 
52300.000000 
52500.000000 
52700.000000 
52900.000000 
53100.000000 
53300.000000 
53500.000000 
53700.000000 
53900.000000 
54100.000000 
54300.000000 
54500.000000 
54700.000000 
54900.000000 
55100.000000 
55300.000000 
55500.000000 
55700.000000 
55900.000000 
56100.000000 
56300.000000 
56500.000000 
56700.000000 
56900.000000 
57100.000000 
57300.000000 
57500.000000 
57700.000000 
57900.000000 
58100.000000 
58300.000000 
58500.000000 
58700.000000 
58900.000000 
59100.000000 
59300.000000 
59500.000000 
59700.000000 
59900.000000 
60100.000000 
60300.000000 
60500.000000 
60700.000000 
60900.000000 
61100.000000 
61300.000000 
61500.000000 
61700.000000 
61900.000000 
62100.000000 
62300.000000 
62500.000000 
62700.000000 
62900.000000 
63100.000000 
63300.000000 
63500.000000 
63700.000000 
63900.000000 
64100.000000 
64300.000000 
64500.000000 
64700.000000 
64900.000000 
65100.000000 
65300.000000 
65500.000000 
65700.000000 
65900.000000 
66100.000000 
66300.000000 
66500.000000 
66700.000000 
66900.000000 
67100.000000 
67300.000000 
67500.000000 
67700.000000 
67900.000000 
68100.000000 
68300.000000 
68500.000000 
68700.000000 
68900.000000 
69100.000000 
69300.000000 
69500.000000 
69700.000000 
69900.000000 
70100.000000 
70300.000000 
70500.000000 
70700.000000 
70900.000000 
71100.000000 
71300.000000 
71500.000000 
71700.000000 
71900.000000 
72100.000000 
72300.000000 
72500.000000 
72700.000000 
72900.000000 
73100.000000 
73300.000000 
73500.000000 
73700.000000 
73900.000000 
74100.000000 
74300.000000 
74500.000000 
74700.000000 
74900.000000 
75100.000000 
75300.000000 
75500.000000 
75700.000000 
75900.000000 
76100.000000 
76300.000000 
76500.000000 
76700.000000 
76900.000000 
77100.000000 
77300.000000 
77500.000000 
77700.000000 
77900.000000 
78100.000000 
78300.000000 
78500.000000 
78700.000000 
78900.000000 
79100.000000 
79300.000000 
79500.000000 
79700.000000 
79900.000000 
80100.000000 
80300.000000 
80500.000000 
80700.000000 
80977.777778 
81255.555556 
81533.333333 
81811.111111 
82088.888889 
82366.666667 
82644.444444 
82922.222222 
83200.000000 
83477.777778 
83755.555556 
84033.333333 
84311.111111 
84588.888889 
84866.666667 
85144.444444 
85422.222222 
85700.000000 
85977.777778 
86255.555556 
86533.333333 
86811.111111 
87088.888889 
87366.666667 
87644.444444 
87922.222222 
88200.000000 
88477.777778 
88755.555556 
89033.333333 
89311.111111 
89588.888889 
89866.666667 
90144.444444 
90422.222222 
90700.000000 
90977.777778 
91255.555556 
91533.333333 
91811.111111 
92088.888889 
92366.666667 
92644.444444 
92922.222222 
93200.000000 
93477.777778 
93755.555556 
94033.333333 
94311.111111 
94588.888889 
94866.666667 
95144.444444 
95422.222222 
95700.000000 
95977.777778 
96255.555556 
96533.333333 
96811.111111 
97088.888889 
97366.666667 
97644.444444 
97922.222222 
98200.000000 
98477.777778 
98755.555556 
99033.333333 
99311.111111 
99588.888889 
99866.666667 
100144.444444 
100422.222222 
100700.000000 
100977.777778 
101255.555556 
101533.333333 
101811.111111 
102088.888889 
102366.666667 
102644.444444 
102922.222222 
103200.000000 
103477.777778 
103755.555556 
104033.333333 
104311.111111 
104588.888889 
104866.666667 
105144.444444 
105422.222222 
105700.000000 
105977.777778 
106255.555556 
106533.333333 
106811.111111 
107088.888889 
107366.666667 
107644.444444 
107922.222222 
108200.000000 
108477.777778 
108755.555556 
109033.333333 
109311.111111 
109588.888889 
109866.666667 
110144.444444 
110422.222222 
110700.000000 
110977.777778 
111255.555556 
111533.333333 
111811.111111 
112088.888889 
112366.666667 
112644.444444 
112922.222222 
113200.000000 
113477.777778 
113755.555556 
114033.333333 
114311.111111 
114588.888889 
114866.666667 
115144.444444 
115422.222222 
115700.000000 
115977.777778 
116255.555556 
116533.333333 
116811.111111 
117088.888889 
117366.666667 
117644.444444 
117922.222222 
118200.000000 
118477.777778 
118755.555556 
119033.333333 
119311.111111 
119588.888889 
119866.666667 
120144.444444 
120422.222222 
120700.000000 
120977.777778 
121255.555556 
121533.333333 
121811.111111 
122088.888889 
122366.666667 
122644.444444 
122922.222222 
123200.000000 
123477.777778 
123755.555556 
124033.333333 
124311.111111 
124588.888889 
124866.666667 
125144.444444 
125422.222222 
125700.000000 
125977.777778 
126255.555556 
126533.333333 
126811.111111 
127088.888889 
127366.666667 
127644.444444 
127922.222222 
128200.000000 
128477.777778 
128755.555556 
129033.333333 
129311.111111 
129588.888889 
129866.666667 
130144.444444 
130422.222222 
130700.000000 
130977.777778 
131255.555556 
131533.333333 
131811.111111 
132088.888889 
132366.666667 
132644.444444 
132922.222222 
133200.000000 
133477.777778 
133755.555556 
134033.333333 
134311.111111 
134588.888889 
134866.666667 
135144.444444 
135422.222222 
135700.000000 
135977.777778 
136255.555556 
136533.333333 
136811.111111 
137088.888889 
137366.666667 
137644.444444 
137922.222222 
138200.000000 
138477.777778 
138755.555556 
139033.333333 
139311.111111 
139588.888889 
139866.666667 
140144.444444 
140422.222222 
140700.000000 
140977.777778 
141255.555556 
141533.333333 
141811.111111 
142088.888889 
142366.666667 
142644.444444 
142922.222222 
143200.000000 
143477.777778 
143755.555556 
144033.333333 
144311.111111 
144588.888889 
144866.666667 
145144.444444 
145422.222222 
145700.000000 
145977.777778 
146255.555556 
146533.333333 
146811.111111 
147088.888889 
147366.666667 
147644.444444 
147922.222222 
148200.000000 
148477.777778 
148755.555556 
149033.333333 
149311.111111 
149588.888889 
149866.666667 
150144.444444 
150422.222222 
150700.000000 
150977.777778 
151255.555556 
151533.333333 
151811.111111 
152088.888889 
152366.666667 
152644.444444 
152922.222222 
153200.000000 
153477.777778 
153755.555556 
154033.333333 
154311.111111 
154588.888889 
154866.666667 
155144.444444 
155422.222222 
155700.000000 
155977.777778 
156255.555556 
156533.333333 
156811.111111 
157088.888889 
157366.666667 
157644.444444 
157922.222222 
158200.000000 
158477.777778 
158755.555556 
159033.333333 
159311.111111 
159588.888889 
159866.666667 
160144.444444 
160422.222222 
160700.000000 
160977.777778 
161255.555556 
161533.333333 
161811.111111 
162088.888889 
162366.666667 
162644.444444 
162922.222222 
163200.000000 
163477.777778 
163755.555556 
164033.333333 
164311.111111 
164588.888889 
164866.666667 
165144.444444 
165422.222222 
165700.000000 
165977.777778 
166255.555556 
166533.333333 
166811.111111 
167088.888889 
167366.666667 
167644.444444 
167922.222222 
168200.000000 
168477.777778 
168755.555556 
169033.333333 
169311.111111 
169588.888889 
169866.666667 
170144.444444 
170422.222222 
170700.000000 
170977.777778 
171255.555556 
171533.333333 
171811.111111 
172088.888889 
172366.666667 
172644.444444 
172922.222222 
173200.000000 
173477.777778 
173755.555556 
174033.333333 
174311.111111 
174588.888889 
174866.666667 
175144.444444 
175422.222222 
175700.000000 
175977.777778 
176255.555556 
176533.333333 
176811.111111 
177088.888889 
177366.666667 
177644.444444 
177922.222222 
178200.000000 
178477.777778 
178755.555556 
179033.333333 
179311.111111 
179588.888889 
179866.666667 
180144.444444 
180422.222222 
180700.000000 
180977.777778 
181255.555556 
181533.333333 
181811.111111 
182088.888889 
182366.666667 
182644.444444 
182922.222222 
183200.000000 
183477.777778 
183755.555556 
184033.333333 
184311.111111 
184588.888889 
184866.666667 
185144.444444 
185422.222222 
185700.000000 
185977.777778 
186255.555556 
186533.333333 
186811.111111 
187088.888889 
187366.666667 
187644.444444 
187922.222222 
188200.000000 
188477.777778 
188755.555556 
189033.333333 
189311.111111 
189588.888889 
189866.666667 
190144.444444 
190422.222222 
190700.000000 
190977.777778 
191255.555556 
191533.333333 
191811.111111 
192088.888889 
192366.666667 
192644.444444 
192922.222222 
193200.000000 
193477.777778 
193755.555556 
194033.333333 
194311.111111 
194588.888889 
194866.666667 
195144.444444 
195422.222222 
195700.000000 
195977.777778 
196255.555556 
196533.333333 
196811.111111 
197088.888889 
197366.666667 
197644.444444 
197922.222222 
198200.000000 
198477.777778 
198755.555556 
199033.333333 
199311.111111 
199588.888889 
199866.666667 
200144.444444 
200422.222222 
200700.000000 
200977.777778 
201255.555556 
201533.333333 
201811.111111 
202088.888889 
202366.666667 
202644.444444 
202922.222222 
203200.000000 
203477.777778 
203755.555556 
204033.333333 
204311.111111 
204588.888889 
204866.666667 
205144.444444 
205422.222222 
205700.000000 
205977.777778 
206255.555556 
206533.333333 
206811.111111 
207088.888889 
207366.666667 
207644.444444 
207922.222222 
208200.000000 
208477.777778 
208755.555556 
209033.333333 
209311.111111 
209588.888889 
209866.666667 
210144.444444 
210422.222222 
210700.000000 
210977.777778 
211255.555556 
211533.333333 
211811.111111 
212088.888889 
212366.666667 
212644.444444 
212922.222222 
213200.000000 
213477.777778 
213755.555556 
214033.333333 
214311.111111 
214588.888889 
214866.666667 
215144.444444 
215422.222222 
215700.000000 
215977.777778 
216255.555556 
216533.333333 
216811.111111 
217088.888889 
217366.666667 
217644.444444 
217922.222222 
218200.000000 
218477.777778 
218755.555556 
219033.333333 
219311.111111 
219588.888889 
219866.666667 
220144.444444 
220422.222222 
220700.000000 
220977.777778 
221255.555556 
221533.333333 
221811.111111 
222088.888889 
222366.666667 
222644.444444 
222922.222222 
223200.000000 
223477.777778 
223755.555556 
224033.333333 
224311.111111 
224588.888889 
224866.666667 
225144.444444 
225422.222222 
225700.000000 
225977.777778 
226255.555556 
226533.333333 
226811.111111 
227088.888889 
227366.666667 
227644.444444 
227922.222222 
228200.000000 
228477.777778 
228755.555556 
229033.333333 
229311.111111 
229588.888889 
229866.666667 
230144.444444 
230422.222222 
230700.000000 
230977.777778 
231255.555556 
231533.333333 
231811.111111 
232088.888889 
232366.666667 
232644.444444 
232922.222222 
233200.000000 
233477.777778 
233755.555556 
234033.333333 
234311.111111 
234588.888889 
234866.666667 
235144.444444 
235422.222222 
235700.000000 
235977.777778 
236255.555556 
236533.333333 
236811.111111 
237088.888889 
237366.666667 
237644.444444 
237922.222222 
238200.000000 
238477.777778 
238755.555556 
239033.333333 
239311.111111 
239588.888889 
239866.666667 
240144.444444 
240422.222222 
240700.000000 
240977.777778 
241255.555556 
241533.333333 
241811.111111 
242088.888889 
242366.666667 
242644.444444 
242922.222222 
243200.000000 
243477.777778 
243755.555556 
244033.333333 
244311.111111 
244588.888889 
244866.666667 
245144.444444 
245422.222222 
245700.000000 
245977.777778 
246255.555556 
246533.333333 
246811.111111 
247088.888889 
247366.666667 
247644.444444 
247922.222222 
248200.000000 
248477.777778 
248755.555556 
249033.333333 
249311.111111 
249588.888889 
249866.666667 
250144.444444 
250422.222222 
250700.000000 
250977.777778 
251255.555556 
251533.333333 
251811.111111 
252088.888889 
252366.666667 
252644.444444 
252922.222222 
253200.000000 
253477.777778 
253755.555556 
254033.333333 
254311.111111 
254588.888889 
254866.666667 
255144.444444 
255422.222222 
255700.000000 
255977.777778 
256255.555556 
256533.333333 
256811.111111 
257088.888889 
257366.666667 
257644.444444 
257922.222222 
258200.000000 
258477.777778 
258755.555556 
259033.333333 
259311.111111 
259588.888889 
259866.666667 
260144.444444 
260422.222222 
260700.000000 
260977.777778 
261255.555556 
261533.333333 
261811.111111 
262088.888889 
262366.666667 
262644.444444 
262922.222222 
263200.000000 
263477.777778 
263755.555556 
264033.333333 
264311.111111 
264588.888889 
264866.666667 
265144.444444 
265422.222222 
265700.000000 
265977.777778 
266255.555556 
266533.333333 
266811.111111 
267088.888889 
267366.666667 
267644.444444 
267922.222222 
268200.000000 
268477.777778 
268755.555556 
269033.333333 
269311.111111 
269588.888889 
269866.666667 
270144.444444 
270422.222222 
270700.000000 
270977.777778 
271255.555556 
271533.333333 
271811.111111 
272088.888889 
272366.666667 
272644.444444 
272922.222222 
273200.000000 
273477.777778 
273755.555556 
274033.333333 
274311.111111 
274588.888889 
274866.666667 
275144.444444 
275422.222222 
275700.000000 
275977.777778 
276255.555556 
276533.333333 
276811.111111 
277088.888889 
277366.666667 
277644.444444 
277922.222222 
278200.000000 
278477.777778 
278755.555556 
279033.333333 
279311.111111 
279588.888889 
279866.666667 
280144.444444 
280422.222222 
280700.000000 
281000.000000 
281300.000000 
281600.000000 
281900.000000 
281900.000000 
281900.000000 
281900.000000 
281900.000000 
281900.000000 
281900.000000 
281900.000000 
281900.000000 
281900.000000 
281900.000000 
281900.000000 
281900.000000 
281900.000000 
281900.000000 
281900.000000 
281900.000000 
281900.000000 
281900.000000 
281900.000000 
281900.000000 
281900.000000 
281900.000000 
281900.000000 
281900.000000 
281900.000000 
281900.000000 
281900.000000 
281900.000000 
281900.000000 
281900.000000 
281900.000000 
281900.000000 
281900.000000 
281900.000000 
281900.000000 
281900.000000 
281900.000000 
281900.000000 
281900.000000 
281900.000000 
281900.000000 
281900.000000 
281900.000000 
281900.000000 
281900.000000 
281900.000000 
281900.000000 
281900.000000 
281900.000000 
281900.000000 
281900.000000 
281900.000000 
281900.000000 
281900.000000 
281900.000000 
281900.000000 
281900.000000 
281900.000000 
281900.000000 
281900.000000 
281900.000000 
281900.000000 
281900.000000 
281900.000000 
281900.000000 
281900.000000 
281900.000000 
281900.000000 
281900.000000 
281900.000000 
281900.000000 
281900.000000 
281900.000000 
281900.000000 
281900.000000 
281900.000000 
281900.000000 
281900.000000 
281900.000000 
281900.000000 
281900.000000 
281900.000000 
281900.000000 
281900.000000 
281900.000000 
281900.000000 
281900.000000 
281900.000000 
281900.000000 
281900.000000 
281900.000000 
281900.000000 
281900.000000 
281900.000000 
281900.000000 
281900.000000 
281900.000000 
281900.000000 
281900.000000 
281900.000000 
281900.000000 
281900.000000 
281900.000000 
281900.000000 
281900.000000 
281900.000000 
281900.000000 
281900.000000 
281900.000000 
281900.000000 
281900.000000 
281900.000000 
281900.000000 
281900.000000 
281900.000000 
281900.000000 
281900.000000 
281900.000000 
281900.000000 
281900.000000 
281900.000000 
281900.000000 
281900.000000 
281900.000000 
281900.000000 
281900.000000 
281900.000000 
281900.000000 
281900.000000 
281900.000000 
281900.000000 
281900.000000 
281900.000000 
281900.000000 
281900.000000 
281900.000000 
281900.000000 
281900.000000 
281900.000000 
281900.000000 
281900.000000 
281900.000000 
281900.000000 
281900.000000 
281900.000000 
281900.000000 
281900.000000 
281900.000000 
281900.000000 
281900.000000 
281900.000000 
281900.000000 
281900.000000 
281900.000000 
281900.000000 
281900.000000 
281900.000000 
281900.000000 
281900.000000 
281900.000000 
281900.000000 
281900.000000 
281900.000000 
281900.000000 
281900.000000 
281900.000000 
281900.000000 
281900.000000 
281900.000000 
281900.000000 
281900.000000 
281900.000000 
281900.000000 
281900.000000 
281900.000000 
281900.000000 
281900.000000 
281900.000000 
281900.000000 
281900.000000 
281900.000000 
281900.000000 
281900.000000 
281900.000000 
281900.000000 
281900.000000 
281900.000000 
281900.000000 
281900.000000 
281900.000000 
281900.000000 
281900.000000 
281900.000000 
281900.000000 
281900.000000 
281900.000000 
281900.000000 
281900.000000 
281900.000000 
281900.000000 
281900.000000 
281900.000000 
281900.000000 
281900.000000 
281900.000000 
281900.000000 
281900.000000 
281900.000000 
281900.000000 
281900.000000 
281900.000000 
281900.000000 
281900.000000 
281900.000000 
281900.000000 
281900.000000 
281900.000000 
281900.000000 
281900.000000 
281900.000000 
281900.000000 
281900.000000 
281900.000000 
281900.000000 
281900.000000 
281900.000000 
281900.000000 
281900.000000 
281900.000000 
281900.000000 
281900.000000 
281900.000000 
281900.000000 
281900.000000 
281900.000000 
281900.000000 
281900.000000 
281900.000000 
281900.000000 
281900.000000 
281900.000000 
281900.000000 
281900.000000 
281900.000000 
281900.000000 
281900.000000 
281900.000000 
281900.000000 
281900.000000 
281900.000000 
281900.000000 
281900.000000 
281900.000000 
281900.000000 
281900.000000 
281900.000000 
281900.000000 
281900.000000 
281900.000000 
281900.000000 
281900.000000 
281900.000000 
281900.000000 
281900.000000 
281900.000000 
281900.000000 
281900.000000 
281900.000000 
281900.000000 
281900.000000 
281900.000000 
281900.000000 
281900.000000 
281900.000000 
281900.000000 
281900.000000 
281900.000000 
281900.000000 
281900.000000 
281900.000000 
281900.000000 
281900.000000 
281900.000000 
281900.000000 
281900.000000 
281900.000000 
281900.000000 
281900.000000 
281900.000000 
281900.000000 
281900.000000 
281900.000000 
281900.000000 
281900.000000 
281900.000000 
281900.000000 
281900.000000 
281900.000000 
281900.000000 
281900.000000 
281900.000000 
281900.000000 
281900.000000 
281900.000000 
281900.000000 
281900.000000 
281900.000000 
281900.000000 
281900.000000 
281900.000000 
281900.000000 
281900.000000 
281900.000000 
281900.000000 
281900.000000 
281900.000000 
281900.000000 
281900.000000 
281900.000000 
281900.000000 
281900.000000 
281900.000000 
281900.000000 
281900.000000 
281900.000000 
281900.000000 
281900.000000 
281900.000000 
281900.000000 
281900.000000 
281900.000000 
281900.000000 
281900.000000 
281900.000000 
281900.000000 
281900.000000 
281900.000000 
281900.000000 
281900.000000 
281900.000000 
281900.000000 
281900.000000 
281900.000000 
281900.000000 
281900.000000 
281900.000000 
281900.000000 
281900.000000 
281900.000000 
281900.000000 
281900.000000 
281900.000000 
281900.000000 
281900.000000 
281900.000000 
281900.000000 
281900.000000 
281900.000000 
281900.000000 
281900.000000 
281900.000000 
281900.000000 
281900.000000 
281900.000000 
281900.000000 
281900.000000 
281900.000000 
281900.000000 
281900.000000 
281900.000000 
281900.000000 
281900.000000 
281900.000000 
281900.000000 
281900.000000 
281900.000000 
281900.000000 
281900.000000 
281900.000000 
281900.000000 
281900.000000 
281900.000000 
281900.000000 
281900.000000 
281900.000000 
281900.000000 
281900.000000 
281900.000000 
281900.000000 
281900.000000 
281900.000000 
281900.000000 
281900.000000 
281900.000000 
281900.000000 
281900.000000 
281900.000000 
281900.000000 
281900.000000 
281900.000000 
281900.000000 
281900.000000 
281900.000000 
281900.000000 
281900.000000 
281900.000000 
281900.000000 
281900.000000 
281900.000000 
281900.000000 
281900.000000 
281900.000000 
281900.000000 
281900.000000 
281900.000000 
281900.000000 
281900.000000 
281900.000000 
281900.000000 
281900.000000 
281900.000000 
281900.000000 
281900.000000 
281900.000000 
281900.000000 
281900.000000 
281900.000000 
281900.000000 
281900.000000 
281900.000000 
281900.000000 
281900.000000 
281900.000000 
281900.000000 
281900.000000 
281900.000000 
281900.000000 
281900.000000 
281900.000000 
281900.000000 
281900.000000 
281900.000000 
281900.000000 
281900.000000 
281900.000000 
281900.000000 
281900.000000 
281900.000000 
281900.000000 
281900.000000 
281900.000000 
281900.000000 
281900.000000 
281900.000000 
281900.000000 
281900.000000 
281900.000000 
281900.000000 
281900.000000 
281900.000000 
281900.000000 
281900.000000 
281900.000000 
281900.000000 
281900.000000 
281900.000000 
281900.000000 
281900.000000 
281900.000000 
281900.000000 
281900.000000 
281900.000000 
281900.000000 
281900.000000 
281900.000000 
281900.000000 
281900.000000 
281900.000000 
281900.000000 
281900.000000 
281900.000000 
281900.000000 
281900.000000 
281900.000000 
281900.000000 
281900.000000 
281900.000000 
281900.000000 
281900.000000 
281900.000000 
281900.000000 
281900.000000 
281900.000000 
281900.000000 
281900.000000 
281900.000000 
281900.000000 
281900.000000 
281900.000000 
281900.000000 
281900.000000 
281900.000000 
281900.000000 
281900.000000 
281900.000000 
281900.000000 
281900.000000 
281900.000000 
281900.000000 
281900.000000 
281900.000000 
281900.000000 
281900.000000 
281900.000000 
281900.000000 
281900.000000 
281900.000000 
281900.000000 
281900.000000 
281900.000000 
281900.000000 
281900.000000 
281900.000000 
281900.000000 
281900.000000 
281900.000000 
281900.000000 
281900.000000 
281900.000000 
281900.000000 
281900.000000 
281900.000000 
281900.000000 
281900.000000 
281900.000000 
281900.000000 
281900.000000 
281900.000000 
281900.000000 
281900.000000 
281900.000000 
281900.000000 
281900.000000 
281900.000000 
281900.000000 
281900.000000 
281900.000000 
281900.000000 
281900.000000 
281900.000000 
281900.000000 
281900.000000 
281900.000000 
281900.000000 
281900.000000 
281900.000000 
281900.000000 
281900.000000 
281900.000000 
281900.000000 
281900.000000 
281900.000000 
281900.000000 
281900.000000 
281900.000000 
281900.000000 
281900.000000 
281900.000000 
281900.000000 
281900.000000 
281900.000000 
281900.000000 
281900.000000 
281900.000000 
281900.000000 
281900.000000 
281900.000000 
281900.000000 
281900.000000 
281900.000000 
281900.000000 
281900.000000 
281900.000000 
281900.000000 
281900.000000 
281900.000000 
281900.000000 
281900.000000 
281900.000000 
281900.000000 
281900.000000 
281900.000000 
281900.000000 
281900.000000 
281900.000000 
281900.000000 
281900.000000 
281900.000000 
281900.000000 
281900.000000 
281900.000000 
281900.000000 
281900.000000 
281900.000000 
281900.000000 
281900.000000 
281900.000000 
281900.000000 
281900.000000 
281900.000000 
281900.000000 
281900.000000 
281900.000000 
281900.000000 
281900.000000 
281900.000000 
281900.000000 
281900.000000 
281900.000000 
281900.000000 
281900.000000 
281900.000000 
281900.000000 
281900.000000 
281900.000000 
281900.000000 
281900.000000 
281900.000000 
281900.000000 
281900.000000 
281900.000000 
281900.000000 
281900.000000 
281900.000000 
281900.000000 
281900.000000 
281900.000000 
281900.000000 
281900.000000 
281900.000000 
281900.000000 
281900.000000 
281900.000000 
281900.000000 
281900.000000 
281900.000000 
281900.000000 
281900.000000 
281900.000000 
281900.000000 
281900.000000 
281900.000000 
281900.000000 
281900.000000 
281900.000000 
281900.000000 
281900.000000 
281900.000000 
281900.000000 
281900.000000 
281900.000000 
281900.000000 
281900.000000 
281900.000000 
281900.000000 
281900.000000 
281900.000000 
281900.000000 
281900.000000 
281900.000000 
281900.000000 
281900.000000 
281900.000000 
281900.000000 
281900.000000 
281900.000000 
281900.000000 
281900.000000 
281900.000000 
281900.000000 
281900.000000 
281900.000000 
281900.000000 
281900.000000 
281900.000000 
281900.000000 
281900.000000 
281900.000000 
281900.000000 
281900.000000 
281900.000000 
281900.000000 
281900.000000 
281900.000000 
281900.000000 
281900.000000 
281900.000000 
281900.000000 
281900.000000 
281900.000000 
281900.000000 
281900.000000 
281900.000000 
281900.000000 
281900.000000 
281900.000000 
281900.000000 
281900.000000 
281900.000000 
281900.000000 
281900.000000 
281900.000000 
281900.000000 
281900.000000 
281900.000000 
281900.000000 
281900.000000 
281900.000000 
281900.000000 
281900.000000 
281900.000000 
281900.000000 
281900.000000 
281900.000000 
281900.000000 
281900.000000 
281900.000000 
281900.000000 
281900.000000 
281900.000000 
281900.000000 
281900.000000 
281900.000000 
281900.000000 
281900.000000 
281900.000000 
281900.000000 
281900.000000 
281900.000000 
281900.000000 
281900.000000 
281900.000000 
281900.000000 
281900.000000 
281900.000000 
281900.000000 
281900.000000 
281900.000000 
281900.000000 
281900.000000 
281900.000000 
281900.000000 
281900.000000 
281900.000000 
281900.000000 
281900.000000 
281900.000000 
281900.000000 
281900.000000 
281900.000000 
281900.000000 
281900.000000 
281900.000000 
281900.000000 
281900.000000 
281900.000000 
281900.000000 
281900.000000 
281900.000000 
281900.000000 
281900.000000 
281900.000000 
281900.000000 
281900.000000 
281900.000000 
281900.000000 
281900.000000 
281900.000000 
281900.000000 
281900.000000 
281900.000000 
281900.000000 
281900.000000 
281900.000000 
281900.000000 
281900.000000 
281900.000000 
281900.000000 
281900.000000 
281900.000000 
281900.000000 
281900.000000 
281900.000000 
281900.000000 
281900.000000 
281900.000000 
281900.000000 
281900.000000 
281900.000000 
281900.000000 
281900.000000 
281900.000000 
281900.000000 
281900.000000 
281900.000000 
281900.000000 
281900.000000 
281900.000000 
281900.000000 
281900.000000 
281900.000000 
281900.000000 
281900.000000 
281900.000000 
281900.000000 
281900.000000 
281900.000000 
281900.000000 
281900.000000 
281900.000000 
281900.000000 
281900.000000 
281900.000000 
281900.000000 
281900.000000 
281900.000000 
281900.000000 
281900.000000 
281900.000000 
281900.000000 
281900.000000 
281900.000000 
281900.000000 
281900.000000 
281900.000000 
281900.000000 
281900.000000 
281900.000000 
281900.000000 
281900.000000 
281900.000000 
281900.000000 
281900.000000 
281900.000000 
281900.000000 
281900.000000 
281900.000000 
281900.000000 
281900.000000 
281900.000000 
281900.000000 
281900.000000 
281900.000000 
281900.000000 
281900.000000 
281900.000000 
281900.000000 
281900.000000 
281900.000000 
281900.000000 
281900.000000 
281900.000000 
281900.000000 
281900.000000 
281900.000000 
281900.000000 
281900.000000 
281900.000000 
281900.000000 
281900.000000 
281900.000000 
281900.000000 
281900.000000 
281900.000000 
281900.000000 
281900.000000 
281900.000000 
281900.000000 
281900.000000 
281900.000000 
281900.000000 
281900.000000 
281900.000000 
281900.000000 
281900.000000 
281900.000000 
281900.000000 
281900.000000 
281900.000000 
281900.000000 
281900.000000 
281900.000000 
281900.000000 
281900.000000 
281900.000000 
281900.000000 
281900.000000 
281900.000000 
281900.000000 
281900.000000 
281900.000000 
281900.000000 
281900.000000 
281900.000000 
281900.000000 
281900.000000 
281900.000000 
281900.000000 
281900.000000 
281900.000000 
281900.000000 
281900.000000 
281900.000000 
281900.000000 
281900.000000 
281900.000000 
281900.000000 
281900.000000 
281900.000000 
281900.000000 
281900.000000 
281900.000000 
281900.000000 
281900.000000 
281900.000000 
281900.000000 
281900.000000 
281900.000000 
281900.000000 
281900.000000 
281900.000000 
281900.000000 
281900.000000 
281900.000000 
281900.000000 
281900.000000 
281900.000000 
281900.000000 
281900.000000 
281900.000000 
281900.000000 
281900.000000 
281900.000000 
281900.000000 
281900.000000 
281900.000000 
281900.000000 
281900.000000 
281900.000000 
281900.000000 
281900.000000 
281900.000000 
281900.000000 
281900.000000 
281900.000000 
281900.000000 
281900.000000 
281900.000000 
281900.000000 
281900.000000 
281900.000000 
281900.000000 
281900.000000 
281900.000000 
281900.000000 
281900.000000 
281900.000000 
281900.000000 
281900.000000 
281900.000000 
281900.000000 
281900.000000 
281900.000000 
281900.000000 
281900.000000 
