10100.000000 
10100.000000 
10200.000000 
10300.000000 
10400.000000 
10500.000000 
10600.000000 
10700.000000 
10800.000000 
10900.000000 
11000.000000 
11100.000000 
11200.000000 
11300.000000 
11400.000000 
11500.000000 
11600.000000 
11700.000000 
11800.000000 
11900.000000 
12000.000000 
12100.000000 
12200.000000 
12300.000000 
12400.000000 
12500.000000 
12600.000000 
12700.000000 
12800.000000 
12900.000000 
13000.000000 
13100.000000 
13200.000000 
13300.000000 
13400.000000 
13500.000000 
13600.000000 
13700.000000 
13800.000000 
13900.000000 
14000.000000 
14100.000000 
14200.000000 
14300.000000 
14400.000000 
14500.000000 
14600.000000 
14700.000000 
14800.000000 
14900.000000 
15000.000000 
15100.000000 
15200.000000 
15300.000000 
15400.000000 
15500.000000 
15600.000000 
15700.000000 
15800.000000 
15900.000000 
16000.000000 
16100.000000 
16200.000000 
16300.000000 
16400.000000 
16500.000000 
16600.000000 
16700.000000 
16800.000000 
16900.000000 
17000.000000 
17100.000000 
17200.000000 
17300.000000 
17400.000000 
17500.000000 
17600.000000 
17700.000000 
17800.000000 
17900.000000 
18000.000000 
18100.000000 
18200.000000 
18300.000000 
18400.000000 
18500.000000 
18600.000000 
18700.000000 
18800.000000 
18900.000000 
19000.000000 
19100.000000 
19200.000000 
19300.000000 
19400.000000 
19500.000000 
19600.000000 
19700.000000 
19800.000000 
19900.000000 
20000.000000 
20100.000000 
20200.000000 
20300.000000 
20400.000000 
20500.000000 
20600.000000 
20700.000000 
20800.000000 
20900.000000 
21000.000000 
21100.000000 
21200.000000 
21300.000000 
21400.000000 
21500.000000 
21600.000000 
21700.000000 
21800.000000 
21900.000000 
22000.000000 
22100.000000 
22200.000000 
22300.000000 
22400.000000 
22500.000000 
22600.000000 
22700.000000 
22800.000000 
22900.000000 
23000.000000 
23100.000000 
23200.000000 
23300.000000 
23400.000000 
23500.000000 
23600.000000 
23700.000000 
23800.000000 
23900.000000 
24000.000000 
24100.000000 
24200.000000 
24300.000000 
24400.000000 
24500.000000 
24600.000000 
24700.000000 
24800.000000 
24900.000000 
25000.000000 
25100.000000 
25200.000000 
25300.000000 
25400.000000 
25500.000000 
25600.000000 
25700.000000 
25800.000000 
25900.000000 
26000.000000 
26100.000000 
26200.000000 
26300.000000 
26400.000000 
26500.000000 
26600.000000 
26700.000000 
26800.000000 
26900.000000 
27000.000000 
27100.000000 
27200.000000 
27300.000000 
27400.000000 
27500.000000 
27600.000000 
27700.000000 
27800.000000 
27900.000000 
28000.000000 
28100.000000 
28200.000000 
28300.000000 
28400.000000 
28500.000000 
28600.000000 
28700.000000 
28800.000000 
28900.000000 
29000.000000 
29100.000000 
29200.000000 
29300.000000 
29400.000000 
29500.000000 
29600.000000 
29700.000000 
29800.000000 
29900.000000 
30000.000000 
30100.000000 
30200.000000 
30300.000000 
30400.000000 
30500.000000 
30600.000000 
30700.000000 
30800.000000 
30900.000000 
31000.000000 
31100.000000 
31200.000000 
31300.000000 
31400.000000 
31500.000000 
31600.000000 
31700.000000 
31800.000000 
31900.000000 
32000.000000 
32100.000000 
32200.000000 
32300.000000 
32400.000000 
32500.000000 
32600.000000 
32700.000000 
32800.000000 
32900.000000 
33000.000000 
33100.000000 
33200.000000 
33300.000000 
33400.000000 
33500.000000 
33600.000000 
33700.000000 
33800.000000 
33900.000000 
34000.000000 
34100.000000 
34200.000000 
34300.000000 
34400.000000 
34500.000000 
34600.000000 
34700.000000 
34800.000000 
34900.000000 
35000.000000 
35100.000000 
35200.000000 
35300.000000 
35400.000000 
35500.000000 
35600.000000 
35700.000000 
35800.000000 
35900.000000 
36000.000000 
36100.000000 
36200.000000 
36300.000000 
36400.000000 
36500.000000 
36600.000000 
36700.000000 
36800.000000 
36900.000000 
37000.000000 
37100.000000 
37200.000000 
37300.000000 
37400.000000 
37500.000000 
37600.000000 
37700.000000 
37800.000000 
37900.000000 
38000.000000 
38100.000000 
38200.000000 
38300.000000 
38400.000000 
38500.000000 
38600.000000 
38700.000000 
38800.000000 
38900.000000 
39000.000000 
39100.000000 
39200.000000 
39300.000000 
39400.000000 
39500.000000 
39600.000000 
39700.000000 
39800.000000 
39900.000000 
40000.000000 
40000.000000 
40000.000000 
40000.000000 
40000.000000 
40000.000000 
40000.000000 
40000.000000 
40000.000000 
40000.000000 
40000.000000 
40000.000000 
40000.000000 
40000.000000 
40000.000000 
40000.000000 
40000.000000 
40000.000000 
40000.000000 
40000.000000 
40000.000000 
40000.000000 
40000.000000 
40000.000000 
40000.000000 
40000.000000 
40000.000000 
40000.000000 
40000.000000 
40000.000000 
40000.000000 
40000.000000 
40000.000000 
40000.000000 
40000.000000 
40000.000000 
40000.000000 
40000.000000 
40000.000000 
40000.000000 
40000.000000 
40000.000000 
40000.000000 
40000.000000 
40000.000000 
40000.000000 
40000.000000 
40000.000000 
40000.000000 
40000.000000 
40000.000000 
40000.000000 
40000.000000 
40000.000000 
40000.000000 
40000.000000 
40000.000000 
40000.000000 
40000.000000 
40000.000000 
40000.000000 
40000.000000 
40000.000000 
40000.000000 
40000.000000 
40000.000000 
40000.000000 
40000.000000 
40000.000000 
40000.000000 
40000.000000 
40000.000000 
40000.000000 
40000.000000 
40000.000000 
40000.000000 
40000.000000 
40000.000000 
40000.000000 
40000.000000 
40000.000000 
40000.000000 
40000.000000 
40000.000000 
40000.000000 
40000.000000 
40000.000000 
40000.000000 
40000.000000 
40000.000000 
40000.000000 
40000.000000 
40000.000000 
40000.000000 
40000.000000 
40000.000000 
40000.000000 
40000.000000 
40000.000000 
40000.000000 
40000.000000 
40000.000000 
40000.000000 
40000.000000 
40000.000000 
40000.000000 
40000.000000 
40000.000000 
40000.000000 
40000.000000 
40000.000000 
40000.000000 
40000.000000 
40000.000000 
40000.000000 
40000.000000 
40000.000000 
40000.000000 
40000.000000 
40000.000000 
40000.000000 
40000.000000 
40000.000000 
40000.000000 
40000.000000 
40000.000000 
40000.000000 
40000.000000 
40000.000000 
40000.000000 
40000.000000 
40000.000000 
40000.000000 
40000.000000 
40000.000000 
40000.000000 
40000.000000 
40000.000000 
40000.000000 
40000.000000 
40000.000000 
40000.000000 
40000.000000 
40000.000000 
40000.000000 
40000.000000 
40000.000000 
40000.000000 
40000.000000 
40000.000000 
40000.000000 
40000.000000 
40000.000000 
40000.000000 
40000.000000 
40000.000000 
40000.000000 
40000.000000 
40000.000000 
40000.000000 
40000.000000 
40000.000000 
40000.000000 
40000.000000 
40000.000000 
40000.000000 
40000.000000 
40000.000000 
40000.000000 
40000.000000 
40000.000000 
40000.000000 
40000.000000 
40000.000000 
40000.000000 
40000.000000 
40000.000000 
40000.000000 
40000.000000 
40000.000000 
40000.000000 
40000.000000 
40000.000000 
40000.000000 
40000.000000 
40000.000000 
40000.000000 
40000.000000 
40000.000000 
40000.000000 
40000.000000 
40000.000000 
40000.000000 
40000.000000 
40000.000000 
40000.000000 
40000.000000 
40000.000000 
40000.000000 
40000.000000 
40000.000000 
40000.000000 
40000.000000 
40000.000000 
40000.000000 
40000.000000 
40000.000000 
40000.000000 
40000.000000 
40000.000000 
40000.000000 
40000.000000 
40000.000000 
40000.000000 
40000.000000 
40000.000000 
40000.000000 
40000.000000 
40000.000000 
40000.000000 
40000.000000 
40000.000000 
40000.000000 
40000.000000 
40000.000000 
40000.000000 
40000.000000 
40000.000000 
40000.000000 
40000.000000 
40000.000000 
40000.000000 
40000.000000 
40000.000000 
40000.000000 
40000.000000 
40000.000000 
40000.000000 
40000.000000 
40000.000000 
40000.000000 
40000.000000 
40000.000000 
40000.000000 
40000.000000 
40000.000000 
40000.000000 
40000.000000 
40000.000000 
40000.000000 
40000.000000 
40000.000000 
40000.000000 
40000.000000 
40000.000000 
40000.000000 
40000.000000 
40000.000000 
40000.000000 
40000.000000 
40000.000000 
40000.000000 
40000.000000 
40000.000000 
40000.000000 
40000.000000 
40000.000000 
40000.000000 
40000.000000 
40000.000000 
40000.000000 
40000.000000 
40000.000000 
40000.000000 
40000.000000 
40000.000000 
40000.000000 
40000.000000 
40000.000000 
40000.000000 
40000.000000 
40000.000000 
40000.000000 
40000.000000 
40000.000000 
40000.000000 
40000.000000 
40000.000000 
40000.000000 
40000.000000 
40000.000000 
40000.000000 
40000.000000 
40000.000000 
40000.000000 
40000.000000 
40000.000000 
40000.000000 
40000.000000 
40000.000000 
40000.000000 
40000.000000 
40000.000000 
40000.000000 
40000.000000 
40000.000000 
40000.000000 
40000.000000 
40000.000000 
40000.000000 
40000.000000 
40000.000000 
40000.000000 
40000.000000 
40000.000000 
40000.000000 
40000.000000 
40000.000000 
40000.000000 
40000.000000 
40000.000000 
40000.000000 
40000.000000 
40000.000000 
40000.000000 
40000.000000 
40000.000000 
40000.000000 
40000.000000 
40000.000000 
40000.000000 
40000.000000 
40000.000000 
40000.000000 
40000.000000 
40000.000000 
40000.000000 
40000.000000 
40000.000000 
40000.000000 
40000.000000 
40000.000000 
40000.000000 
40000.000000 
40000.000000 
40000.000000 
40000.000000 
40000.000000 
40000.000000 
40000.000000 
40000.000000 
40000.000000 
40000.000000 
40000.000000 
40000.000000 
40000.000000 
40000.000000 
40000.000000 
40000.000000 
40000.000000 
40000.000000 
40000.000000 
40000.000000 
40000.000000 
40000.000000 
40000.000000 
40000.000000 
40000.000000 
40000.000000 
40000.000000 
40000.000000 
40000.000000 
40000.000000 
40000.000000 
40000.000000 
40000.000000 
40000.000000 
40000.000000 
40000.000000 
40000.000000 
40000.000000 
40000.000000 
40000.000000 
40000.000000 
40000.000000 
40000.000000 
40000.000000 
40000.000000 
40000.000000 
40000.000000 
40000.000000 
40000.000000 
40000.000000 
40000.000000 
40000.000000 
40000.000000 
40000.000000 
40000.000000 
40000.000000 
40000.000000 
40000.000000 
40000.000000 
40000.000000 
40000.000000 
40000.000000 
40000.000000 
40000.000000 
40000.000000 
40000.000000 
40000.000000 
40000.000000 
40000.000000 
40000.000000 
40000.000000 
40000.000000 
40000.000000 
40000.000000 
40000.000000 
40000.000000 
40000.000000 
40000.000000 
40000.000000 
40000.000000 
40000.000000 
40000.000000 
40000.000000 
40000.000000 
40000.000000 
40000.000000 
40000.000000 
40000.000000 
40000.000000 
40000.000000 
40000.000000 
40000.000000 
40000.000000 
40000.000000 
40000.000000 
40000.000000 
40000.000000 
40000.000000 
40000.000000 
40000.000000 
40000.000000 
40000.000000 
40000.000000 
40000.000000 
40000.000000 
40000.000000 
40000.000000 
40000.000000 
40000.000000 
40000.000000 
40000.000000 
40000.000000 
40000.000000 
40000.000000 
40000.000000 
40000.000000 
40000.000000 
40000.000000 
40000.000000 
40000.000000 
40000.000000 
40000.000000 
40000.000000 
40000.000000 
40000.000000 
40000.000000 
40000.000000 
40000.000000 
40000.000000 
40000.000000 
40000.000000 
40000.000000 
40000.000000 
40000.000000 
40000.000000 
40000.000000 
40000.000000 
40000.000000 
40000.000000 
40000.000000 
40000.000000 
40000.000000 
40000.000000 
40000.000000 
40000.000000 
40000.000000 
40000.000000 
40000.000000 
40000.000000 
40000.000000 
40000.000000 
40000.000000 
40000.000000 
40000.000000 
40000.000000 
40000.000000 
40000.000000 
40000.000000 
40000.000000 
40000.000000 
40000.000000 
40000.000000 
40000.000000 
40000.000000 
40000.000000 
40000.000000 
40000.000000 
40000.000000 
40000.000000 
40000.000000 
40000.000000 
40000.000000 
40000.000000 
40000.000000 
40000.000000 
40000.000000 
40000.000000 
40000.000000 
40000.000000 
40000.000000 
40000.000000 
40000.000000 
40000.000000 
40000.000000 
40000.000000 
40000.000000 
40000.000000 
40000.000000 
40000.000000 
40000.000000 
40000.000000 
40000.000000 
40000.000000 
40000.000000 
40000.000000 
40000.000000 
40000.000000 
40000.000000 
40000.000000 
40000.000000 
40000.000000 
40000.000000 
40000.000000 
40000.000000 
40000.000000 
40000.000000 
40000.000000 
40000.000000 
40000.000000 
40000.000000 
40000.000000 
40000.000000 
40000.000000 
40000.000000 
40000.000000 
40000.000000 
40000.000000 
40000.000000 
40000.000000 
40000.000000 
40000.000000 
40000.000000 
40000.000000 
40000.000000 
40000.000000 
40000.000000 
40000.000000 
40000.000000 
40000.000000 
40000.000000 
40000.000000 
40000.000000 
40000.000000 
40000.000000 
40000.000000 
40000.000000 
40000.000000 
40000.000000 
40000.000000 
40000.000000 
40000.000000 
40000.000000 
40000.000000 
40000.000000 
40000.000000 
40000.000000 
40000.000000 
40000.000000 
40000.000000 
40000.000000 
40000.000000 
40000.000000 
40000.000000 
40000.000000 
40000.000000 
40000.000000 
40000.000000 
40000.000000 
40000.000000 
40000.000000 
40000.000000 
40000.000000 
40000.000000 
40000.000000 
40000.000000 
40000.000000 
40000.000000 
40000.000000 
40000.000000 
40000.000000 
40000.000000 
40000.000000 
40000.000000 
40000.000000 
40000.000000 
40000.000000 
40000.000000 
40000.000000 
40000.000000 
40000.000000 
40000.000000 
40000.000000 
40000.000000 
40000.000000 
40000.000000 
40000.000000 
40000.000000 
40000.000000 
40000.000000 
40000.000000 
40000.000000 
40000.000000 
40000.000000 
40000.000000 
40000.000000 
40000.000000 
40000.000000 
40000.000000 
40000.000000 
40000.000000 
40000.000000 
40000.000000 
40000.000000 
40000.000000 
40000.000000 
40000.000000 
40000.000000 
40000.000000 
40000.000000 
40000.000000 
40000.000000 
40000.000000 
40000.000000 
40000.000000 
40000.000000 
40000.000000 
40000.000000 
40000.000000 
40000.000000 
40000.000000 
40000.000000 
40000.000000 
40000.000000 
40000.000000 
40000.000000 
40000.000000 
40000.000000 
40000.000000 
40000.000000 
40000.000000 
40000.000000 
40000.000000 
40000.000000 
40000.000000 
40000.000000 
40000.000000 
40000.000000 
40000.000000 
40000.000000 
40000.000000 
40000.000000 
40000.000000 
40000.000000 
40000.000000 
40000.000000 
40000.000000 
40000.000000 
40000.000000 
40000.000000 
40000.000000 
40000.000000 
40000.000000 
40000.000000 
40000.000000 
40000.000000 
40000.000000 
40000.000000 
40000.000000 
40000.000000 
40000.000000 
40000.000000 
40000.000000 
40000.000000 
40000.000000 
40000.000000 
40000.000000 
40000.000000 
40000.000000 
40000.000000 
40000.000000 
40000.000000 
40000.000000 
40000.000000 
40000.000000 
40000.000000 
40000.000000 
40000.000000 
40000.000000 
40000.000000 
40000.000000 
40000.000000 
40000.000000 
40000.000000 
40000.000000 
40000.000000 
40000.000000 
40000.000000 
40000.000000 
40000.000000 
40000.000000 
40000.000000 
40000.000000 
40000.000000 
40000.000000 
40000.000000 
40000.000000 
40000.000000 
40000.000000 
40000.000000 
40000.000000 
40000.000000 
40000.000000 
40000.000000 
40000.000000 
40000.000000 
40000.000000 
40000.000000 
40000.000000 
40000.000000 
40000.000000 
40000.000000 
40000.000000 
40000.000000 
40000.000000 
40000.000000 
40000.000000 
40000.000000 
40000.000000 
40000.000000 
40000.000000 
40000.000000 
40000.000000 
40000.000000 
40000.000000 
40000.000000 
40000.000000 
40000.000000 
40000.000000 
40000.000000 
40000.000000 
40000.000000 
40000.000000 
40000.000000 
40000.000000 
40000.000000 
40000.000000 
40000.000000 
40000.000000 
40000.000000 
40000.000000 
40000.000000 
40000.000000 
40000.000000 
40000.000000 
40000.000000 
40000.000000 
40000.000000 
40000.000000 
40000.000000 
40000.000000 
40000.000000 
40000.000000 
40000.000000 
40000.000000 
40000.000000 
40000.000000 
40000.000000 
40000.000000 
40000.000000 
40000.000000 
40000.000000 
40000.000000 
40000.000000 
40000.000000 
40000.000000 
40000.000000 
40000.000000 
40000.000000 
40000.000000 
40000.000000 
40000.000000 
40000.000000 
40000.000000 
40000.000000 
40000.000000 
40000.000000 
40000.000000 
40000.000000 
40000.000000 
40000.000000 
40000.000000 
40000.000000 
40000.000000 
40000.000000 
40000.000000 
40000.000000 
40000.000000 
40000.000000 
40000.000000 
40000.000000 
40000.000000 
40000.000000 
40000.000000 
40000.000000 
40000.000000 
40000.000000 
40000.000000 
40000.000000 
40000.000000 
40000.000000 
40000.000000 
40000.000000 
40000.000000 
40000.000000 
40000.000000 
40000.000000 
40000.000000 
40000.000000 
40000.000000 
40000.000000 
40000.000000 
40000.000000 
40000.000000 
40000.000000 
40000.000000 
40000.000000 
40000.000000 
40000.000000 
40000.000000 
40000.000000 
40000.000000 
40000.000000 
40000.000000 
40000.000000 
40000.000000 
40000.000000 
40000.000000 
40000.000000 
40000.000000 
40000.000000 
40000.000000 
40000.000000 
40000.000000 
40000.000000 
40000.000000 
40000.000000 
40000.000000 
40000.000000 
40000.000000 
40000.000000 
40000.000000 
40000.000000 
40000.000000 
40000.000000 
40000.000000 
40000.000000 
40000.000000 
40000.000000 
40000.000000 
40000.000000 
40000.000000 
40000.000000 
40000.000000 
40000.000000 
40000.000000 
40000.000000 
40000.000000 
40000.000000 
40000.000000 
40000.000000 
40000.000000 
40000.000000 
40000.000000 
40000.000000 
40000.000000 
40000.000000 
40000.000000 
40000.000000 
40000.000000 
40000.000000 
40000.000000 
40000.000000 
40000.000000 
40000.000000 
40000.000000 
40000.000000 
40000.000000 
40000.000000 
40000.000000 
40000.000000 
40000.000000 
40000.000000 
40000.000000 
40000.000000 
40000.000000 
40000.000000 
40000.000000 
40000.000000 
40000.000000 
40000.000000 
40000.000000 
40000.000000 
40000.000000 
40000.000000 
40000.000000 
40000.000000 
40000.000000 
40000.000000 
40000.000000 
40000.000000 
40000.000000 
40000.000000 
40000.000000 
40000.000000 
40000.000000 
40000.000000 
40000.000000 
40000.000000 
40000.000000 
40000.000000 
40000.000000 
40000.000000 
40000.000000 
40000.000000 
40000.000000 
40000.000000 
40000.000000 
40000.000000 
40000.000000 
40000.000000 
40000.000000 
40000.000000 
40000.000000 
40000.000000 
40000.000000 
40000.000000 
40000.000000 
40000.000000 
40000.000000 
40000.000000 
40000.000000 
40000.000000 
40000.000000 
40000.000000 
40000.000000 
40000.000000 
40000.000000 
40000.000000 
40000.000000 
40000.000000 
40000.000000 
40000.000000 
40000.000000 
40000.000000 
40000.000000 
40000.000000 
40000.000000 
40000.000000 
40000.000000 
40000.000000 
40000.000000 
40000.000000 
40000.000000 
40000.000000 
40000.000000 
40000.000000 
40000.000000 
40000.000000 
40000.000000 
40000.000000 
40000.000000 
40000.000000 
40000.000000 
40000.000000 
40000.000000 
40000.000000 
40000.000000 
40000.000000 
40000.000000 
40000.000000 
40000.000000 
40000.000000 
40000.000000 
40000.000000 
40000.000000 
40000.000000 
40000.000000 
40000.000000 
40000.000000 
40000.000000 
40000.000000 
40000.000000 
40000.000000 
40000.000000 
40000.000000 
40000.000000 
40000.000000 
40000.000000 
40000.000000 
40000.000000 
40000.000000 
40000.000000 
40000.000000 
40000.000000 
40000.000000 
40000.000000 
40000.000000 
40000.000000 
40000.000000 
40000.000000 
40000.000000 
40000.000000 
40000.000000 
40000.000000 
40000.000000 
40000.000000 
40000.000000 
40000.000000 
40000.000000 
40000.000000 
40000.000000 
40000.000000 
40000.000000 
40000.000000 
40000.000000 
40000.000000 
40000.000000 
40000.000000 
40000.000000 
40000.000000 
40000.000000 
40000.000000 
40000.000000 
40000.000000 
40000.000000 
40000.000000 
40000.000000 
40000.000000 
40000.000000 
40000.000000 
40000.000000 
40000.000000 
40000.000000 
40000.000000 
40000.000000 
40000.000000 
40000.000000 
40000.000000 
40000.000000 
40000.000000 
40000.000000 
40000.000000 
40000.000000 
40000.000000 
40000.000000 
40000.000000 
40000.000000 
40000.000000 
40000.000000 
40000.000000 
40000.000000 
40000.000000 
40000.000000 
40000.000000 
40000.000000 
40000.000000 
40000.000000 
40000.000000 
40000.000000 
40000.000000 
40000.000000 
40000.000000 
40000.000000 
40000.000000 
40000.000000 
40000.000000 
40000.000000 
40000.000000 
40000.000000 
40000.000000 
40000.000000 
40000.000000 
40000.000000 
40000.000000 
40000.000000 
40000.000000 
40000.000000 
40000.000000 
40000.000000 
40000.000000 
40000.000000 
40000.000000 
40000.000000 
40000.000000 
40000.000000 
40000.000000 
40000.000000 
40000.000000 
40000.000000 
40000.000000 
40000.000000 
40000.000000 
40000.000000 
40000.000000 
40000.000000 
40000.000000 
40000.000000 
40000.000000 
40000.000000 
40000.000000 
40000.000000 
40000.000000 
40000.000000 
40000.000000 
40000.000000 
40000.000000 
40000.000000 
40000.000000 
40000.000000 
40000.000000 
40000.000000 
40000.000000 
40000.000000 
40000.000000 
40000.000000 
40000.000000 
40000.000000 
40000.000000 
40000.000000 
40000.000000 
40000.000000 
40000.000000 
40000.000000 
40000.000000 
40000.000000 
40000.000000 
40000.000000 
40000.000000 
40000.000000 
40000.000000 
40000.000000 
40000.000000 
40000.000000 
40000.000000 
40000.000000 
40000.000000 
40000.000000 
40000.000000 
40000.000000 
40000.000000 
40000.000000 
40000.000000 
40000.000000 
40000.000000 
40000.000000 
40000.000000 
40000.000000 
40000.000000 
40000.000000 
40000.000000 
40000.000000 
40000.000000 
40000.000000 
40000.000000 
40000.000000 
40000.000000 
40000.000000 
40000.000000 
40000.000000 
40000.000000 
40000.000000 
40000.000000 
40000.000000 
40000.000000 
40000.000000 
40000.000000 
40000.000000 
40000.000000 
40000.000000 
40000.000000 
40000.000000 
40000.000000 
40000.000000 
40000.000000 
40000.000000 
40000.000000 
40000.000000 
40000.000000 
40000.000000 
40000.000000 
40000.000000 
40000.000000 
40000.000000 
40000.000000 
40000.000000 
40000.000000 
40000.000000 
40000.000000 
40000.000000 
40000.000000 
40000.000000 
40000.000000 
40000.000000 
40000.000000 
40000.000000 
40000.000000 
40000.000000 
40000.000000 
40000.000000 
40000.000000 
40000.000000 
40000.000000 
40000.000000 
40000.000000 
40000.000000 
40000.000000 
40000.000000 
40000.000000 
40000.000000 
40000.000000 
40000.000000 
40000.000000 
40000.000000 
40000.000000 
40000.000000 
40000.000000 
40000.000000 
40000.000000 
40000.000000 
40000.000000 
40000.000000 
40000.000000 
40000.000000 
40000.000000 
40000.000000 
40000.000000 
40000.000000 
40000.000000 
40000.000000 
40000.000000 
40000.000000 
40000.000000 
40000.000000 
40000.000000 
40000.000000 
40000.000000 
40000.000000 
40000.000000 
40000.000000 
40000.000000 
40000.000000 
40000.000000 
40000.000000 
40000.000000 
40000.000000 
40000.000000 
40000.000000 
40000.000000 
40000.000000 
40000.000000 
40000.000000 
40000.000000 
40000.000000 
40000.000000 
40000.000000 
40000.000000 
40000.000000 
40000.000000 
40000.000000 
40000.000000 
40000.000000 
40000.000000 
40000.000000 
40000.000000 
40000.000000 
40000.000000 
40000.000000 
40000.000000 
40000.000000 
40000.000000 
40000.000000 
40000.000000 
40000.000000 
40000.000000 
40000.000000 
40000.000000 
40000.000000 
40000.000000 
40000.000000 
40000.000000 
40000.000000 
40000.000000 
40000.000000 
40000.000000 
40000.000000 
40000.000000 
40000.000000 
40000.000000 
40000.000000 
40000.000000 
40000.000000 
40000.000000 
40000.000000 
40000.000000 
40000.000000 
40000.000000 
40000.000000 
40000.000000 
40000.000000 
40000.000000 
40000.000000 
40000.000000 
40000.000000 
40000.000000 
40000.000000 
40000.000000 
40000.000000 
40000.000000 
40000.000000 
40000.000000 
40000.000000 
40000.000000 
40000.000000 
40000.000000 
40000.000000 
40000.000000 
40000.000000 
40000.000000 
40000.000000 
40000.000000 
40000.000000 
40000.000000 
40000.000000 
40000.000000 
40000.000000 
40000.000000 
40000.000000 
40000.000000 
40000.000000 
40000.000000 
40000.000000 
40000.000000 
40000.000000 
40000.000000 
40000.000000 
40000.000000 
40000.000000 
40000.000000 
40000.000000 
40000.000000 
40000.000000 
40000.000000 
40000.000000 
40000.000000 
40000.000000 
40000.000000 
40000.000000 
40000.000000 
40000.000000 
40000.000000 
40000.000000 
40000.000000 
40000.000000 
40000.000000 
40000.000000 
40000.000000 
40000.000000 
40000.000000 
40000.000000 
40000.000000 
40000.000000 
40000.000000 
40000.000000 
40000.000000 
40000.000000 
40000.000000 
40000.000000 
40000.000000 
40000.000000 
40000.000000 
40000.000000 
40000.000000 
40000.000000 
40000.000000 
40000.000000 
40000.000000 
40000.000000 
40000.000000 
40000.000000 
40000.000000 
40000.000000 
40000.000000 
40000.000000 
40000.000000 
40000.000000 
40000.000000 
40000.000000 
40000.000000 
40000.000000 
40000.000000 
40000.000000 
40000.000000 
40000.000000 
40000.000000 
40000.000000 
40000.000000 
40000.000000 
40000.000000 
40000.000000 
40000.000000 
40000.000000 
40000.000000 
40000.000000 
40000.000000 
40000.000000 
40000.000000 
40000.000000 
40000.000000 
40000.000000 
40000.000000 
40000.000000 
40000.000000 
40000.000000 
40000.000000 
40000.000000 
40000.000000 
40000.000000 
40000.000000 
40000.000000 
40000.000000 
40000.000000 
40000.000000 
40000.000000 
40000.000000 
40000.000000 
40000.000000 
40000.000000 
40000.000000 
40000.000000 
40000.000000 
40000.000000 
40000.000000 
40000.000000 
40000.000000 
40000.000000 
40000.000000 
40000.000000 
40000.000000 
40000.000000 
40000.000000 
40000.000000 
40000.000000 
40000.000000 
40000.000000 
40000.000000 
40000.000000 
40000.000000 
40000.000000 
40000.000000 
40000.000000 
40000.000000 
40000.000000 
40000.000000 
40000.000000 
40000.000000 
40000.000000 
40000.000000 
40000.000000 
40000.000000 
40000.000000 
40000.000000 
40000.000000 
40000.000000 
40000.000000 
40000.000000 
40000.000000 
40000.000000 
40000.000000 
40000.000000 
40000.000000 
40000.000000 
40000.000000 
40000.000000 
40000.000000 
40000.000000 
40000.000000 
40000.000000 
40000.000000 
40000.000000 
40000.000000 
40000.000000 
40000.000000 
40000.000000 
40000.000000 
40000.000000 
40000.000000 
40000.000000 
40000.000000 
40000.000000 
40000.000000 
40000.000000 
40000.000000 
40000.000000 
40000.000000 
40000.000000 
40000.000000 
40000.000000 
40000.000000 
40000.000000 
40000.000000 
40000.000000 
40000.000000 
40000.000000 
40000.000000 
40000.000000 
40000.000000 
40000.000000 
40000.000000 
40000.000000 
40000.000000 
40000.000000 
40000.000000 
40000.000000 
40000.000000 
40000.000000 
40000.000000 
40000.000000 
40000.000000 
40000.000000 
40000.000000 
40000.000000 
40000.000000 
40000.000000 
40000.000000 
40000.000000 
40000.000000 
40000.000000 
40000.000000 
40000.000000 
40000.000000 
40000.000000 
40000.000000 
40000.000000 
40000.000000 
40000.000000 
40000.000000 
40000.000000 
40000.000000 
40000.000000 
40000.000000 
40000.000000 
40000.000000 
40000.000000 
40000.000000 
40000.000000 
40000.000000 
40000.000000 
40000.000000 
40000.000000 
40000.000000 
40000.000000 
40000.000000 
40000.000000 
40000.000000 
40000.000000 
40000.000000 
40000.000000 
40000.000000 
40000.000000 
40000.000000 
40000.000000 
40000.000000 
40000.000000 
40000.000000 
40000.000000 
40000.000000 
40000.000000 
40000.000000 
40000.000000 
40000.000000 
40000.000000 
40000.000000 
40000.000000 
40000.000000 
40000.000000 
40000.000000 
40000.000000 
40000.000000 
40000.000000 
40000.000000 
40000.000000 
40000.000000 
40000.000000 
40000.000000 
40000.000000 
40000.000000 
40000.000000 
40000.000000 
40000.000000 
40000.000000 
40000.000000 
40000.000000 
40000.000000 
40000.000000 
40000.000000 
40000.000000 
40000.000000 
40000.000000 
40000.000000 
40000.000000 
40000.000000 
40000.000000 
40000.000000 
40000.000000 
40000.000000 
40000.000000 
40000.000000 
40000.000000 
40000.000000 
40000.000000 
40000.000000 
40000.000000 
40000.000000 
40000.000000 
40000.000000 
40000.000000 
40000.000000 
40000.000000 
40000.000000 
40000.000000 
40000.000000 
40000.000000 
40000.000000 
40000.000000 
40000.000000 
40000.000000 
40000.000000 
40000.000000 
40000.000000 
40000.000000 
40000.000000 
40000.000000 
40000.000000 
40000.000000 
40000.000000 
40000.000000 
40000.000000 
40000.000000 
40000.000000 
40000.000000 
40000.000000 
40000.000000 
40000.000000 
40000.000000 
40000.000000 
40000.000000 
40000.000000 
40000.000000 
40000.000000 
40000.000000 
40000.000000 
40000.000000 
40000.000000 
40000.000000 
40000.000000 
40000.000000 
40000.000000 
