(100,350.000000)
(200,350.000000)
(300,350.000000)
(400,400.000000)
(500,450.000000)
(600,500.000000)
(700,550.000000)
(800,600.000000)
(900,650.000000)
(1000,700.000000)
(1100,750.000000)
(1200,800.000000)
(1300,850.000000)
(1400,900.000000)
(1500,950.000000)
(1600,1000.000000)
(1700,1050.000000)
(1800,1100.000000)
(1900,1150.000000)
(2000,1200.000000)
(2100,1250.000000)
(2200,1300.000000)
(2300,1350.000000)
(2400,1400.000000)
(2500,1450.000000)
(2600,1500.000000)
(2700,1550.000000)
(2800,1600.000000)
(2900,1650.000000)
(3000,1700.000000)
(3100,1750.000000)
(3200,1800.000000)
(3300,1850.000000)
(3400,1900.000000)
(3500,1950.000000)
(3600,2000.000000)
(3700,2050.000000)
(3800,2100.000000)
(3900,2150.000000)
(4000,2200.000000)
(4100,2250.000000)
(4200,2300.000000)
(4300,2350.000000)
(4400,2400.000000)
(4500,2450.000000)
(4600,2500.000000)
(4700,2550.000000)
(4800,2600.000000)
(4900,2650.000000)
(5000,2700.000000)
(5100,2750.000000)
(5200,2800.000000)
(5300,2850.000000)
(5400,2900.000000)
(5500,2950.000000)
(5600,3000.000000)
(5700,3050.000000)
(5800,3100.000000)
(5900,3150.000000)
(6000,3200.000000)
(6100,3250.000000)
(6200,3300.000000)
(6300,3350.000000)
(6400,3400.000000)
(6500,3450.000000)
(6600,3500.000000)
(6700,3550.000000)
(6800,3600.000000)
(6900,3650.000000)
(7000,3700.000000)
(7100,3750.000000)
(7200,3800.000000)
(7300,3850.000000)
(7400,3900.000000)
(7500,3950.000000)
(7600,4000.000000)
(7700,4050.000000)
(7800,4100.000000)
(7900,4150.000000)
(8000,4200.000000)
(8100,4250.000000)
(8200,4300.000000)
(8300,4350.000000)
(8400,4400.000000)
(8500,4450.000000)
(8600,4500.000000)
(8700,4550.000000)
(8800,4600.000000)
(8900,4650.000000)
(9000,4700.000000)
(9100,4750.000000)
(9200,4800.000000)
(9300,4850.000000)
(9400,4900.000000)
(9500,4950.000000)
(9600,5000.000000)
(9700,5050.000000)
(9800,5100.000000)
(9900,5150.000000)
(10000,5200.000000)
(10100,5250.000000)
(10200,5300.000000)
(10300,5350.000000)
(10400,5400.000000)
(10500,5450.000000)
(10600,5500.000000)
(10700,5550.000000)
(10800,5600.000000)
(10900,5650.000000)
(11000,5700.000000)
(11100,5750.000000)
(11200,5800.000000)
(11300,5850.000000)
(11400,5900.000000)
(11500,5950.000000)
(11600,6000.000000)
(11700,6050.000000)
(11800,6100.000000)
(11900,6150.000000)
(12000,6200.000000)
(12100,6250.000000)
(12200,6300.000000)
(12300,6350.000000)
(12400,6400.000000)
(12500,6450.000000)
(12600,6500.000000)
(12700,6550.000000)
(12800,6600.000000)
(12900,6650.000000)
(13000,6700.000000)
(13100,6750.000000)
(13200,6800.000000)
(13300,6850.000000)
(13400,6900.000000)
(13500,6950.000000)
(13600,7000.000000)
(13700,7050.000000)
(13800,7100.000000)
(13900,7150.000000)
(14000,7200.000000)
(14100,7250.000000)
(14200,7300.000000)
(14300,7350.000000)
(14400,7400.000000)
(14500,7450.000000)
(14600,7500.000000)
(14700,7550.000000)
(14800,7600.000000)
(14900,7650.000000)
(15000,7700.000000)
(15100,7750.000000)
(15200,7800.000000)
(15300,7850.000000)
(15400,7900.000000)
(15500,7950.000000)
(15600,8000.000000)
(15700,8050.000000)
(15800,8100.000000)
(15900,8150.000000)
(16000,8200.000000)
(16100,8250.000000)
(16200,8300.000000)
(16300,8350.000000)
(16400,8400.000000)
(16500,8450.000000)
(16600,8500.000000)
(16700,8550.000000)
(16800,8600.000000)
(16900,8650.000000)
(17000,8700.000000)
(17100,8750.000000)
(17200,8800.000000)
(17300,8850.000000)
(17400,8900.000000)
(17500,8950.000000)
(17600,9000.000000)
(17700,9050.000000)
(17800,9100.000000)
(17900,9150.000000)
(18000,9200.000000)
(18100,9250.000000)
(18200,9300.000000)
(18300,9350.000000)
(18400,9400.000000)
(18500,9450.000000)
(18600,9500.000000)
(18700,9550.000000)
(18800,9600.000000)
(18900,9650.000000)
(19000,9700.000000)
(19100,9750.000000)
(19200,9800.000000)
(19300,9850.000000)
(19400,9900.000000)
(19500,9950.000000)
(19600,10000.000000)
(19700,10050.000000)
(19800,10100.000000)
(19900,10150.000000)
(20000,10200.000000)
(20100,10250.000000)
(20200,10300.000000)
(20300,10350.000000)
(20400,10400.000000)
(20500,10450.000000)
(20600,10500.000000)
(20700,10550.000000)
(20800,10600.000000)
(20900,10650.000000)
(21000,10700.000000)
(21100,10750.000000)
(21200,10800.000000)
(21300,10850.000000)
(21400,10900.000000)
(21500,10950.000000)
(21600,11000.000000)
(21700,11050.000000)
(21800,11100.000000)
(21900,11150.000000)
(22000,11200.000000)
(22100,11250.000000)
(22200,11300.000000)
(22300,11350.000000)
(22400,11400.000000)
(22500,11450.000000)
(22600,11500.000000)
(22700,11550.000000)
(22800,11600.000000)
(22900,11650.000000)
(23000,11700.000000)
(23100,11750.000000)
(23200,11800.000000)
(23300,11850.000000)
(23400,11900.000000)
(23500,11950.000000)
(23600,12000.000000)
(23700,12050.000000)
(23800,12100.000000)
(23900,12150.000000)
(24000,12200.000000)
(24100,12250.000000)
(24200,12300.000000)
(24300,12350.000000)
(24400,12400.000000)
(24500,12450.000000)
(24600,12500.000000)
(24700,12550.000000)
(24800,12600.000000)
(24900,12650.000000)
(25000,12700.000000)
(25100,12750.000000)
(25200,12800.000000)
(25300,12850.000000)
(25400,12900.000000)
(25500,12950.000000)
(25600,13000.000000)
(25700,13050.000000)
(25800,13100.000000)
(25900,13150.000000)
(26000,13200.000000)
(26100,13250.000000)
(26200,13300.000000)
(26300,13350.000000)
(26400,13400.000000)
(26500,13450.000000)
(26600,13500.000000)
(26700,13550.000000)
(26800,13600.000000)
(26900,13650.000000)
(27000,13700.000000)
(27100,13750.000000)
(27200,13800.000000)
(27300,13850.000000)
(27400,13900.000000)
(27500,13950.000000)
(27600,14000.000000)
(27700,14050.000000)
(27800,14100.000000)
(27900,14150.000000)
(28000,14200.000000)
(28100,14250.000000)
(28200,14300.000000)
(28300,14350.000000)
(28400,14400.000000)
(28500,14450.000000)
(28600,14500.000000)
(28700,14550.000000)
(28800,14600.000000)
(28900,14650.000000)
(29000,14700.000000)
(29100,14750.000000)
(29200,14800.000000)
(29300,14850.000000)
(29400,14900.000000)
(29500,14950.000000)
(29600,15000.000000)
(29700,15050.000000)
(29800,15100.000000)
(29900,15150.000000)
(30000,15200.000000)
(30100,15250.000000)
(30200,15300.000000)
(30300,15350.000000)
(30400,15400.000000)
(30500,15450.000000)
(30600,15500.000000)
(30700,15550.000000)
(30800,15600.000000)
(30900,15650.000000)
(31000,15700.000000)
(31100,15750.000000)
(31200,15800.000000)
(31300,15850.000000)
(31400,15900.000000)
(31500,15950.000000)
(31600,16000.000000)
(31700,16050.000000)
(31800,16100.000000)
(31900,16150.000000)
(32000,16200.000000)
(32100,16250.000000)
(32200,16300.000000)
(32300,16350.000000)
(32400,16400.000000)
(32500,16450.000000)
(32600,16500.000000)
(32700,16550.000000)
(32800,16600.000000)
(32900,16650.000000)
(33000,16700.000000)
(33100,16750.000000)
(33200,16800.000000)
(33300,16850.000000)
(33400,16900.000000)
(33500,16950.000000)
(33600,17000.000000)
(33700,17050.000000)
(33800,17100.000000)
(33900,17150.000000)
(34000,17200.000000)
(34100,17250.000000)
(34200,17300.000000)
(34300,17350.000000)
(34400,17400.000000)
(34500,17450.000000)
(34600,17500.000000)
(34700,17550.000000)
(34800,17600.000000)
(34900,17650.000000)
(35000,17700.000000)
(35100,17750.000000)
(35200,17800.000000)
(35300,17850.000000)
(35400,17900.000000)
(35500,17950.000000)
(35600,18000.000000)
(35700,18050.000000)
(35800,18100.000000)
(35900,18150.000000)
(36000,18200.000000)
(36100,18250.000000)
(36200,18300.000000)
(36300,18350.000000)
(36400,18400.000000)
(36500,18450.000000)
(36600,18500.000000)
(36700,18550.000000)
(36800,18600.000000)
(36900,18650.000000)
(37000,18700.000000)
(37100,18750.000000)
(37200,18800.000000)
(37300,18850.000000)
(37400,18900.000000)
(37500,18950.000000)
(37600,19000.000000)
(37700,19050.000000)
(37800,19100.000000)
(37900,19150.000000)
(38000,19200.000000)
(38100,19250.000000)
(38200,19300.000000)
(38300,19350.000000)
(38400,19400.000000)
(38500,19450.000000)
(38600,19500.000000)
(38700,19550.000000)
(38800,19600.000000)
(38900,19650.000000)
(39000,19700.000000)
(39100,19750.000000)
(39200,19800.000000)
(39300,19850.000000)
(39400,19900.000000)
(39500,19950.000000)
(39600,20000.000000)
(39700,20050.000000)
(39800,20100.000000)
(39900,20150.000000)
(40000,20200.000000)
(40100,20250.000000)
(40200,20300.000000)
(40300,20350.000000)
(40400,20400.000000)
(40500,20450.000000)
(40600,20500.000000)
(40700,20550.000000)
(40800,20600.000000)
(40900,20650.000000)
(41000,20700.000000)
(41100,20750.000000)
(41200,20800.000000)
(41300,20850.000000)
(41400,20900.000000)
(41500,20950.000000)
(41600,21000.000000)
(41700,21050.000000)
(41800,21100.000000)
(41900,21150.000000)
(42000,21200.000000)
(42100,21250.000000)
(42200,21300.000000)
(42300,21350.000000)
(42400,21400.000000)
(42500,21450.000000)
(42600,21500.000000)
(42700,21550.000000)
(42800,21600.000000)
(42900,21650.000000)
(43000,21700.000000)
(43100,21750.000000)
(43200,21800.000000)
(43300,21850.000000)
(43400,21900.000000)
(43500,21950.000000)
(43600,22000.000000)
(43700,22050.000000)
(43800,22100.000000)
(43900,22150.000000)
(44000,22200.000000)
(44100,22250.000000)
(44200,22300.000000)
(44300,22350.000000)
(44400,22400.000000)
(44500,22450.000000)
(44600,22500.000000)
(44700,22550.000000)
(44800,22600.000000)
(44900,22650.000000)
(45000,22700.000000)
(45100,22750.000000)
(45200,22800.000000)
(45300,22850.000000)
(45400,22900.000000)
(45500,22950.000000)
(45600,23000.000000)
(45700,23050.000000)
(45800,23100.000000)
(45900,23150.000000)
(46000,23200.000000)
(46100,23250.000000)
(46200,23300.000000)
(46300,23350.000000)
(46400,23400.000000)
(46500,23450.000000)
(46600,23500.000000)
(46700,23550.000000)
(46800,23600.000000)
(46900,23650.000000)
(47000,23700.000000)
(47100,23750.000000)
(47200,23800.000000)
(47300,23850.000000)
(47400,23900.000000)
(47500,23950.000000)
(47600,24000.000000)
(47700,24050.000000)
(47800,24100.000000)
(47900,24150.000000)
(48000,24200.000000)
(48100,24250.000000)
(48200,24300.000000)
(48300,24350.000000)
(48400,24400.000000)
(48500,24450.000000)
(48600,24500.000000)
(48700,24550.000000)
(48800,24600.000000)
(48900,24650.000000)
(49000,24700.000000)
(49100,24750.000000)
(49200,24800.000000)
(49300,24850.000000)
(49400,24900.000000)
(49500,24950.000000)
(49600,25000.000000)
(49700,25050.000000)
(49800,25100.000000)
(49900,25150.000000)
(50000,25200.000000)
(50100,25250.000000)
(50200,25300.000000)
(50300,25350.000000)
(50400,25400.000000)
(50500,25450.000000)
(50600,25500.000000)
(50700,25550.000000)
(50800,25600.000000)
(50900,25650.000000)
(51000,25700.000000)
(51100,25750.000000)
(51200,25800.000000)
(51300,25850.000000)
(51400,25900.000000)
(51500,25950.000000)
(51600,26000.000000)
(51700,26050.000000)
(51800,26100.000000)
(51900,26150.000000)
(52000,26200.000000)
(52100,26250.000000)
(52200,26300.000000)
(52300,26350.000000)
(52400,26400.000000)
(52500,26450.000000)
(52600,26500.000000)
(52700,26550.000000)
(52800,26600.000000)
(52900,26650.000000)
(53000,26700.000000)
(53100,26750.000000)
(53200,26800.000000)
(53300,26850.000000)
(53400,26900.000000)
(53500,26950.000000)
(53600,27000.000000)
(53700,27050.000000)
(53800,27100.000000)
(53900,27150.000000)
(54000,27200.000000)
(54100,27250.000000)
(54200,27300.000000)
(54300,27350.000000)
(54400,27400.000000)
(54500,27450.000000)
(54600,27500.000000)
(54700,27550.000000)
(54800,27600.000000)
(54900,27650.000000)
(55000,27700.000000)
(55100,27750.000000)
(55200,27800.000000)
(55300,27850.000000)
(55400,27900.000000)
(55500,27950.000000)
(55600,28000.000000)
(55700,28050.000000)
(55800,28100.000000)
(55900,28150.000000)
(56000,28200.000000)
(56100,28250.000000)
(56200,28300.000000)
(56300,28350.000000)
(56400,28400.000000)
(56500,28450.000000)
(56600,28500.000000)
(56700,28550.000000)
(56800,28600.000000)
(56900,28650.000000)
(57000,28700.000000)
(57100,28750.000000)
(57200,28800.000000)
(57300,28850.000000)
(57400,28900.000000)
(57500,28950.000000)
(57600,29000.000000)
(57700,29050.000000)
(57800,29100.000000)
(57900,29150.000000)
(58000,29200.000000)
(58100,29250.000000)
(58200,29300.000000)
(58300,29350.000000)
(58400,29400.000000)
(58500,29450.000000)
(58600,29500.000000)
(58700,29550.000000)
(58800,29600.000000)
(58900,29650.000000)
(59000,29700.000000)
(59100,29750.000000)
(59200,29800.000000)
(59300,29850.000000)
(59400,29900.000000)
(59500,29950.000000)
(59600,30000.000000)
(59700,30050.000000)
(59800,30100.000000)
(59900,30150.000000)
(60000,30200.000000)
(60100,30250.000000)
(60200,30300.000000)
(60300,30350.000000)
(60400,30400.000000)
(60500,30450.000000)
(60600,30500.000000)
(60700,30550.000000)
(60800,30600.000000)
(60900,30650.000000)
(61000,30700.000000)
(61100,30750.000000)
(61200,30800.000000)
(61300,30850.000000)
(61400,30900.000000)
(61500,30950.000000)
(61600,31000.000000)
(61700,31050.000000)
(61800,31100.000000)
(61900,31150.000000)
(62000,31200.000000)
(62100,31250.000000)
(62200,31300.000000)
(62300,31350.000000)
(62400,31400.000000)
(62500,31450.000000)
(62600,31500.000000)
(62700,31550.000000)
(62800,31600.000000)
(62900,31650.000000)
(63000,31700.000000)
(63100,31750.000000)
(63200,31800.000000)
(63300,31850.000000)
(63400,31900.000000)
(63500,31950.000000)
(63600,32000.000000)
(63700,32050.000000)
(63800,32100.000000)
(63900,32150.000000)
(64000,32200.000000)
(64100,32250.000000)
(64200,32300.000000)
(64300,32350.000000)
(64400,32400.000000)
(64500,32450.000000)
(64600,32500.000000)
(64700,32550.000000)
(64800,32600.000000)
(64900,32650.000000)
(65000,32700.000000)
(65100,32750.000000)
(65200,32800.000000)
(65300,32850.000000)
(65400,32900.000000)
(65500,32950.000000)
(65600,33000.000000)
(65700,33050.000000)
(65800,33100.000000)
(65900,33150.000000)
(66000,33200.000000)
(66100,33250.000000)
(66200,33300.000000)
(66300,33350.000000)
(66400,33400.000000)
(66500,33450.000000)
(66600,33500.000000)
(66700,33550.000000)
(66800,33600.000000)
(66900,33650.000000)
(67000,33700.000000)
(67100,33750.000000)
(67200,33800.000000)
(67300,33850.000000)
(67400,33900.000000)
(67500,33950.000000)
(67600,34000.000000)
(67700,34050.000000)
(67800,34100.000000)
(67900,34150.000000)
(68000,34200.000000)
(68100,34250.000000)
(68200,34300.000000)
(68300,34350.000000)
(68400,34400.000000)
(68500,34450.000000)
(68600,34500.000000)
(68700,34550.000000)
(68800,34600.000000)
(68900,34650.000000)
(69000,34700.000000)
(69100,34750.000000)
(69200,34800.000000)
(69300,34850.000000)
(69400,34900.000000)
(69500,34950.000000)
(69600,35000.000000)
(69700,35050.000000)
(69800,35100.000000)
(69900,35150.000000)
(70000,35200.000000)
(70100,35250.000000)
(70200,35300.000000)
(70300,35350.000000)
(70400,35400.000000)
(70500,35450.000000)
(70600,35500.000000)
(70700,35550.000000)
(70800,35600.000000)
(70900,35650.000000)
(71000,35700.000000)
(71100,35750.000000)
(71200,35800.000000)
(71300,35850.000000)
(71400,35900.000000)
(71500,35950.000000)
(71600,36000.000000)
(71700,36050.000000)
(71800,36100.000000)
(71900,36150.000000)
(72000,36200.000000)
(72100,36250.000000)
(72200,36300.000000)
(72300,36350.000000)
(72400,36400.000000)
(72500,36450.000000)
(72600,36500.000000)
(72700,36550.000000)
(72800,36600.000000)
(72900,36650.000000)
(73000,36700.000000)
(73100,36750.000000)
(73200,36800.000000)
(73300,36850.000000)
(73400,36900.000000)
(73500,36950.000000)
(73600,37000.000000)
(73700,37050.000000)
(73800,37100.000000)
(73900,37150.000000)
(74000,37200.000000)
(74100,37250.000000)
(74200,37300.000000)
(74300,37350.000000)
(74400,37400.000000)
(74500,37450.000000)
(74600,37500.000000)
(74700,37550.000000)
(74800,37600.000000)
(74900,37650.000000)
(75000,37700.000000)
(75100,37750.000000)
(75200,37800.000000)
(75300,37850.000000)
(75400,37900.000000)
(75500,37950.000000)
(75600,38000.000000)
(75700,38050.000000)
(75800,38100.000000)
(75900,38150.000000)
(76000,38200.000000)
(76100,38250.000000)
(76200,38300.000000)
(76300,38350.000000)
(76400,38400.000000)
(76500,38450.000000)
(76600,38500.000000)
(76700,38550.000000)
(76800,38600.000000)
(76900,38650.000000)
(77000,38700.000000)
(77100,38750.000000)
(77200,38800.000000)
(77300,38850.000000)
(77400,38900.000000)
(77500,38950.000000)
(77600,39000.000000)
(77700,39050.000000)
(77800,39100.000000)
(77900,39150.000000)
(78000,39200.000000)
(78100,39250.000000)
(78200,39300.000000)
(78300,39350.000000)
(78400,39400.000000)
(78500,39450.000000)
(78600,39500.000000)
(78700,39550.000000)
(78800,39600.000000)
(78900,39650.000000)
(79000,39700.000000)
(79100,39750.000000)
(79200,39800.000000)
(79300,39850.000000)
(79400,39900.000000)
(79500,39950.000000)
(79600,40000.000000)
(79700,40050.000000)
(79800,40100.000000)
(79900,40150.000000)
(80000,40200.000000)
(80100,40250.000000)
(80200,40300.000000)
(80300,40350.000000)
(80400,40400.000000)
(80500,40450.000000)
(80600,40500.000000)
(80700,40550.000000)
(80800,40600.000000)
(80900,40650.000000)
(81000,40700.000000)
(81100,40750.000000)
(81200,40800.000000)
(81300,40850.000000)
(81400,40900.000000)
(81500,40950.000000)
(81600,41000.000000)
(81700,41050.000000)
(81800,41100.000000)
(81900,41150.000000)
(82000,41200.000000)
(82100,41250.000000)
(82200,41300.000000)
(82300,41350.000000)
(82400,41400.000000)
(82500,41450.000000)
(82600,41500.000000)
(82700,41550.000000)
(82800,41600.000000)
(82900,41650.000000)
(83000,41700.000000)
(83100,41750.000000)
(83200,41800.000000)
(83300,41850.000000)
(83400,41900.000000)
(83500,41950.000000)
(83600,42000.000000)
(83700,42050.000000)
(83800,42100.000000)
(83900,42150.000000)
(84000,42200.000000)
(84100,42250.000000)
(84200,42300.000000)
(84300,42350.000000)
(84400,42400.000000)
(84500,42450.000000)
(84600,42500.000000)
(84700,42550.000000)
(84800,42600.000000)
(84900,42650.000000)
(85000,42700.000000)
(85100,42750.000000)
(85200,42800.000000)
(85300,42850.000000)
(85400,42900.000000)
(85500,42950.000000)
(85600,43000.000000)
(85700,43050.000000)
(85800,43100.000000)
(85900,43150.000000)
(86000,43200.000000)
(86100,43250.000000)
(86200,43300.000000)
(86300,43350.000000)
(86400,43400.000000)
(86500,43450.000000)
(86600,43500.000000)
(86700,43550.000000)
(86800,43600.000000)
(86900,43650.000000)
(87000,43700.000000)
(87100,43750.000000)
(87200,43800.000000)
(87300,43850.000000)
(87400,43900.000000)
(87500,43950.000000)
(87600,44000.000000)
(87700,44050.000000)
(87800,44100.000000)
(87900,44150.000000)
(88000,44200.000000)
(88100,44250.000000)
(88200,44300.000000)
(88300,44350.000000)
(88400,44400.000000)
(88500,44450.000000)
(88600,44500.000000)
(88700,44550.000000)
(88800,44600.000000)
(88900,44650.000000)
(89000,44700.000000)
(89100,44750.000000)
(89200,44800.000000)
(89300,44850.000000)
(89400,44900.000000)
(89500,44950.000000)
(89600,45000.000000)
(89700,45050.000000)
(89800,45100.000000)
(89900,45150.000000)
(90000,45200.000000)
(90100,45250.000000)
(90200,45300.000000)
(90300,45350.000000)
(90400,45400.000000)
(90500,45450.000000)
(90600,45500.000000)
(90700,45550.000000)
(90800,45600.000000)
(90900,45650.000000)
(91000,45700.000000)
(91100,45750.000000)
(91200,45800.000000)
(91300,45850.000000)
(91400,45900.000000)
(91500,45950.000000)
(91600,46000.000000)
(91700,46050.000000)
(91800,46100.000000)
(91900,46150.000000)
(92000,46200.000000)
(92100,46250.000000)
(92200,46300.000000)
(92300,46350.000000)
(92400,46400.000000)
(92500,46450.000000)
(92600,46500.000000)
(92700,46550.000000)
(92800,46600.000000)
(92900,46650.000000)
(93000,46700.000000)
(93100,46750.000000)
(93200,46800.000000)
(93300,46850.000000)
(93400,46900.000000)
(93500,46950.000000)
(93600,47000.000000)
(93700,47050.000000)
(93800,47100.000000)
(93900,47150.000000)
(94000,47200.000000)
(94100,47250.000000)
(94200,47300.000000)
(94300,47350.000000)
(94400,47400.000000)
(94500,47450.000000)
(94600,47500.000000)
(94700,47550.000000)
(94800,47600.000000)
(94900,47650.000000)
(95000,47700.000000)
(95100,47750.000000)
(95200,47800.000000)
(95300,47850.000000)
(95400,47900.000000)
(95500,47950.000000)
(95600,48000.000000)
(95700,48050.000000)
(95800,48100.000000)
(95900,48150.000000)
(96000,48200.000000)
(96100,48250.000000)
(96200,48300.000000)
(96300,48350.000000)
(96400,48400.000000)
(96500,48450.000000)
(96600,48500.000000)
(96700,48550.000000)
(96800,48600.000000)
(96900,48650.000000)
(97000,48700.000000)
(97100,48750.000000)
(97200,48800.000000)
(97300,48850.000000)
(97400,48900.000000)
(97500,48950.000000)
(97600,49000.000000)
(97700,49050.000000)
(97800,49100.000000)
(97900,49150.000000)
(98000,49200.000000)
(98100,49250.000000)
(98200,49300.000000)
(98300,49350.000000)
(98400,49400.000000)
(98500,49450.000000)
(98600,49500.000000)
(98700,49550.000000)
(98800,49600.000000)
(98900,49650.000000)
(99000,49700.000000)
(99100,49750.000000)
(99200,49800.000000)
(99300,49850.000000)
(99400,49900.000000)
(99500,49950.000000)
(99600,50000.000000)
(99700,50000.000000)
(99800,50000.000000)
(99900,50000.000000)
(100000,50000.000000)
(100100,50000.000000)
(100200,50000.000000)
(100300,50000.000000)
(100400,50000.000000)
(100500,50000.000000)
(100600,50000.000000)
(100700,50000.000000)
(100800,50000.000000)
(100900,50000.000000)
(101000,50000.000000)
(101100,50000.000000)
(101200,50000.000000)
(101300,50000.000000)
(101400,50000.000000)
(101500,50000.000000)
(101600,50000.000000)
(101700,50000.000000)
(101800,50000.000000)
(101900,50000.000000)
(102000,50000.000000)
(102100,50000.000000)
(102200,50000.000000)
(102300,50000.000000)
(102400,50000.000000)
(102500,50000.000000)
(102600,50000.000000)
(102700,50000.000000)
(102800,50000.000000)
(102900,50000.000000)
(103000,50000.000000)
(103100,50000.000000)
(103200,50000.000000)
(103300,50000.000000)
(103400,50000.000000)
(103500,50000.000000)
(103600,50000.000000)
(103700,50000.000000)
(103800,50000.000000)
(103900,50000.000000)
(104000,50000.000000)
(104100,50000.000000)
(104200,50000.000000)
(104300,50000.000000)
(104400,50000.000000)
(104500,50000.000000)
(104600,50000.000000)
(104700,50000.000000)
(104800,50000.000000)
(104900,50000.000000)
(105000,50000.000000)
(105100,50000.000000)
(105200,50000.000000)
(105300,50000.000000)
(105400,50000.000000)
(105500,50000.000000)
(105600,50000.000000)
(105700,50000.000000)
(105800,50000.000000)
(105900,50000.000000)
(106000,50000.000000)
(106100,50000.000000)
(106200,50000.000000)
(106300,50000.000000)
(106400,50000.000000)
(106500,50000.000000)
(106600,50000.000000)
(106700,50000.000000)
(106800,50000.000000)
(106900,50000.000000)
(107000,50000.000000)
(107100,50000.000000)
(107200,50000.000000)
(107300,50000.000000)
(107400,50000.000000)
(107500,50000.000000)
(107600,50000.000000)
(107700,50000.000000)
(107800,50000.000000)
(107900,50000.000000)
(108000,50000.000000)
(108100,50000.000000)
(108200,50000.000000)
(108300,50000.000000)
(108400,50000.000000)
(108500,50000.000000)
(108600,50000.000000)
(108700,50000.000000)
(108800,50000.000000)
(108900,50000.000000)
(109000,50000.000000)
(109100,50000.000000)
(109200,50000.000000)
(109300,50000.000000)
(109400,50000.000000)
(109500,50000.000000)
(109600,50000.000000)
(109700,50000.000000)
(109800,50000.000000)
(109900,50000.000000)
(110000,50000.000000)
(110100,50000.000000)
(110200,50000.000000)
(110300,50000.000000)
(110400,50000.000000)
(110500,50000.000000)
(110600,50000.000000)
(110700,50000.000000)
(110800,50000.000000)
(110900,50000.000000)
(111000,50000.000000)
(111100,50000.000000)
(111200,50000.000000)
(111300,50000.000000)
(111400,50000.000000)
(111500,50000.000000)
(111600,50000.000000)
(111700,50000.000000)
(111800,50000.000000)
(111900,50000.000000)
(112000,50000.000000)
(112100,50000.000000)
(112200,50000.000000)
(112300,50000.000000)
(112400,50000.000000)
(112500,50000.000000)
(112600,50000.000000)
(112700,50000.000000)
(112800,50000.000000)
(112900,50000.000000)
(113000,50000.000000)
(113100,50000.000000)
(113200,50000.000000)
(113300,50000.000000)
(113400,50000.000000)
(113500,50000.000000)
(113600,50000.000000)
(113700,50000.000000)
(113800,50000.000000)
(113900,50000.000000)
(114000,50000.000000)
(114100,50000.000000)
(114200,50000.000000)
(114300,50000.000000)
(114400,50000.000000)
(114500,50000.000000)
(114600,50000.000000)
(114700,50000.000000)
(114800,50000.000000)
(114900,50000.000000)
(115000,50000.000000)
(115100,50000.000000)
(115200,50000.000000)
(115300,50000.000000)
(115400,50000.000000)
(115500,50000.000000)
(115600,50000.000000)
(115700,50000.000000)
(115800,50000.000000)
(115900,50000.000000)
(116000,50000.000000)
(116100,50000.000000)
(116200,50000.000000)
(116300,50000.000000)
(116400,50000.000000)
(116500,50000.000000)
(116600,50000.000000)
(116700,50000.000000)
(116800,50000.000000)
(116900,50000.000000)
(117000,50000.000000)
(117100,50000.000000)
(117200,50000.000000)
(117300,50000.000000)
(117400,50000.000000)
(117500,50000.000000)
(117600,50000.000000)
(117700,50000.000000)
(117800,50000.000000)
(117900,50000.000000)
(118000,50000.000000)
(118100,50000.000000)
(118200,50000.000000)
(118300,50000.000000)
(118400,50000.000000)
(118500,50000.000000)
(118600,50000.000000)
(118700,50000.000000)
(118800,50000.000000)
(118900,50000.000000)
(119000,50000.000000)
(119100,50000.000000)
(119200,50000.000000)
(119300,50000.000000)
(119400,50000.000000)
(119500,50000.000000)
(119600,50000.000000)
(119700,50000.000000)
(119800,50000.000000)
(119900,50000.000000)
(120000,50000.000000)
(120100,50000.000000)
(120200,50000.000000)
(120300,50000.000000)
(120400,50000.000000)
(120500,50000.000000)
(120600,50000.000000)
(120700,50000.000000)
(120800,50000.000000)
(120900,50000.000000)
(121000,50000.000000)
(121100,50000.000000)
(121200,50000.000000)
(121300,50000.000000)
(121400,50000.000000)
(121500,50000.000000)
(121600,50000.000000)
(121700,50000.000000)
(121800,50000.000000)
(121900,50000.000000)
(122000,50000.000000)
(122100,50000.000000)
(122200,50000.000000)
(122300,50000.000000)
(122400,50000.000000)
(122500,50000.000000)
(122600,50000.000000)
(122700,50000.000000)
(122800,50000.000000)
(122900,50000.000000)
(123000,50000.000000)
(123100,50000.000000)
(123200,50000.000000)
(123300,50000.000000)
(123400,50000.000000)
(123500,50000.000000)
(123600,50000.000000)
(123700,50000.000000)
(123800,50000.000000)
(123900,50000.000000)
(124000,50000.000000)
(124100,50000.000000)
(124200,50000.000000)
(124300,50000.000000)
(124400,50000.000000)
(124500,50000.000000)
(124600,50000.000000)
(124700,50000.000000)
(124800,50000.000000)
(124900,50000.000000)
(125000,50000.000000)
(125100,50000.000000)
(125200,50000.000000)
(125300,50000.000000)
(125400,50000.000000)
(125500,50000.000000)
(125600,50000.000000)
(125700,50000.000000)
(125800,50000.000000)
(125900,50000.000000)
(126000,50000.000000)
(126100,50000.000000)
(126200,50000.000000)
(126300,50000.000000)
(126400,50000.000000)
(126500,50000.000000)
(126600,50000.000000)
(126700,50000.000000)
(126800,50000.000000)
(126900,50000.000000)
(127000,50000.000000)
(127100,50000.000000)
(127200,50000.000000)
(127300,50000.000000)
(127400,50000.000000)
(127500,50000.000000)
(127600,50000.000000)
(127700,50000.000000)
(127800,50000.000000)
(127900,50000.000000)
(128000,50000.000000)
(128100,50000.000000)
(128200,50000.000000)
(128300,50000.000000)
(128400,50000.000000)
(128500,50000.000000)
(128600,50000.000000)
(128700,50000.000000)
(128800,50000.000000)
(128900,50000.000000)
(129000,50000.000000)
(129100,50000.000000)
(129200,50000.000000)
(129300,50000.000000)
(129400,50000.000000)
(129500,50000.000000)
(129600,50000.000000)
(129700,50000.000000)
(129800,50000.000000)
(129900,50000.000000)
(130000,50000.000000)
(130100,50000.000000)
(130200,50000.000000)
(130300,50000.000000)
(130400,50000.000000)
(130500,50000.000000)
(130600,50000.000000)
(130700,50000.000000)
(130800,50000.000000)
(130900,50000.000000)
(131000,50000.000000)
(131100,50000.000000)
(131200,50000.000000)
(131300,50000.000000)
(131400,50000.000000)
(131500,50000.000000)
(131600,50000.000000)
(131700,50000.000000)
(131800,50000.000000)
(131900,50000.000000)
(132000,50000.000000)
(132100,50000.000000)
(132200,50000.000000)
(132300,50000.000000)
(132400,50000.000000)
(132500,50000.000000)
(132600,50000.000000)
(132700,50000.000000)
(132800,50000.000000)
(132900,50000.000000)
(133000,50000.000000)
(133100,50000.000000)
(133200,50000.000000)
(133300,50000.000000)
(133400,50000.000000)
(133500,50000.000000)
(133600,50000.000000)
(133700,50000.000000)
(133800,50000.000000)
(133900,50000.000000)
(134000,50000.000000)
(134100,50000.000000)
(134200,50000.000000)
(134300,50000.000000)
(134400,50000.000000)
(134500,50000.000000)
(134600,50000.000000)
(134700,50000.000000)
(134800,50000.000000)
(134900,50000.000000)
(135000,50000.000000)
(135100,50000.000000)
(135200,50000.000000)
(135300,50000.000000)
(135400,50000.000000)
(135500,50000.000000)
(135600,50000.000000)
(135700,50000.000000)
(135800,50000.000000)
(135900,50000.000000)
(136000,50000.000000)
(136100,50000.000000)
(136200,50000.000000)
(136300,50000.000000)
(136400,50000.000000)
(136500,50000.000000)
(136600,50000.000000)
(136700,50000.000000)
(136800,50000.000000)
(136900,50000.000000)
(137000,50000.000000)
(137100,50000.000000)
(137200,50000.000000)
(137300,50000.000000)
(137400,50000.000000)
(137500,50000.000000)
(137600,50000.000000)
(137700,50000.000000)
(137800,50000.000000)
(137900,50000.000000)
(138000,50000.000000)
(138100,50000.000000)
(138200,50000.000000)
(138300,50000.000000)
(138400,50000.000000)
(138500,50000.000000)
(138600,50000.000000)
(138700,50000.000000)
(138800,50000.000000)
(138900,50000.000000)
(139000,50000.000000)
(139100,50000.000000)
(139200,50000.000000)
(139300,50000.000000)
(139400,50000.000000)
(139500,50000.000000)
(139600,50000.000000)
(139700,50000.000000)
(139800,50000.000000)
(139900,50000.000000)
(140000,50000.000000)
(140100,50000.000000)
(140200,50000.000000)
(140300,50000.000000)
(140400,50000.000000)
(140500,50000.000000)
(140600,50000.000000)
(140700,50000.000000)
(140800,50000.000000)
(140900,50000.000000)
(141000,50000.000000)
(141100,50000.000000)
(141200,50000.000000)
(141300,50000.000000)
(141400,50000.000000)
(141500,50000.000000)
(141600,50000.000000)
(141700,50000.000000)
(141800,50000.000000)
(141900,50000.000000)
(142000,50000.000000)
(142100,50000.000000)
(142200,50000.000000)
(142300,50000.000000)
(142400,50000.000000)
(142500,50000.000000)
(142600,50000.000000)
(142700,50000.000000)
(142800,50000.000000)
(142900,50000.000000)
(143000,50000.000000)
(143100,50000.000000)
(143200,50000.000000)
(143300,50000.000000)
(143400,50000.000000)
(143500,50000.000000)
(143600,50000.000000)
(143700,50000.000000)
(143800,50000.000000)
(143900,50000.000000)
(144000,50000.000000)
(144100,50000.000000)
(144200,50000.000000)
(144300,50000.000000)
(144400,50000.000000)
(144500,50000.000000)
(144600,50000.000000)
(144700,50000.000000)
(144800,50000.000000)
(144900,50000.000000)
(145000,50000.000000)
(145100,50000.000000)
(145200,50000.000000)
(145300,50000.000000)
(145400,50000.000000)
(145500,50000.000000)
(145600,50000.000000)
(145700,50000.000000)
(145800,50000.000000)
(145900,50000.000000)
(146000,50000.000000)
(146100,50000.000000)
(146200,50000.000000)
(146300,50000.000000)
(146400,50000.000000)
(146500,50000.000000)
(146600,50000.000000)
(146700,50000.000000)
(146800,50000.000000)
(146900,50000.000000)
(147000,50000.000000)
(147100,50000.000000)
(147200,50000.000000)
(147300,50000.000000)
(147400,50000.000000)
(147500,50000.000000)
(147600,50000.000000)
(147700,50000.000000)
(147800,50000.000000)
(147900,50000.000000)
(148000,50000.000000)
(148100,50000.000000)
(148200,50000.000000)
(148300,50000.000000)
(148400,50000.000000)
(148500,50000.000000)
(148600,50000.000000)
(148700,50000.000000)
(148800,50000.000000)
(148900,50000.000000)
(149000,50000.000000)
(149100,50000.000000)
(149200,50000.000000)
(149300,50000.000000)
(149400,50000.000000)
(149500,50000.000000)
(149600,50000.000000)
(149700,50000.000000)
(149800,50000.000000)
(149900,50000.000000)
(150000,50000.000000)
(150100,50000.000000)
(150200,50000.000000)
(150300,50000.000000)
(150400,50000.000000)
(150500,50000.000000)
(150600,50000.000000)
(150700,50000.000000)
(150800,50000.000000)
(150900,50000.000000)
(151000,50000.000000)
(151100,50000.000000)
(151200,50000.000000)
(151300,50000.000000)
(151400,50000.000000)
(151500,50000.000000)
(151600,50000.000000)
(151700,50000.000000)
(151800,50000.000000)
(151900,50000.000000)
(152000,50000.000000)
(152100,50000.000000)
(152200,50000.000000)
(152300,50000.000000)
(152400,50000.000000)
(152500,50000.000000)
(152600,50000.000000)
(152700,50000.000000)
(152800,50000.000000)
(152900,50000.000000)
(153000,50000.000000)
(153100,50000.000000)
(153200,50000.000000)
(153300,50000.000000)
(153400,50000.000000)
(153500,50000.000000)
(153600,50000.000000)
(153700,50000.000000)
(153800,50000.000000)
(153900,50000.000000)
(154000,50000.000000)
(154100,50000.000000)
(154200,50000.000000)
(154300,50000.000000)
(154400,50000.000000)
(154500,50000.000000)
(154600,50000.000000)
(154700,50000.000000)
(154800,50000.000000)
(154900,50000.000000)
(155000,50000.000000)
(155100,50000.000000)
(155200,50000.000000)
(155300,50000.000000)
(155400,50000.000000)
(155500,50000.000000)
(155600,50000.000000)
(155700,50000.000000)
(155800,50000.000000)
(155900,50000.000000)
(156000,50000.000000)
(156100,50000.000000)
(156200,50000.000000)
(156300,50000.000000)
(156400,50000.000000)
(156500,50000.000000)
(156600,50000.000000)
(156700,50000.000000)
(156800,50000.000000)
(156900,50000.000000)
(157000,50000.000000)
(157100,50000.000000)
(157200,50000.000000)
(157300,50000.000000)
(157400,50000.000000)
(157500,50000.000000)
(157600,50000.000000)
(157700,50000.000000)
(157800,50000.000000)
(157900,50000.000000)
(158000,50000.000000)
(158100,50000.000000)
(158200,50000.000000)
(158300,50000.000000)
(158400,50000.000000)
(158500,50000.000000)
(158600,50000.000000)
(158700,50000.000000)
(158800,50000.000000)
(158900,50000.000000)
(159000,50000.000000)
(159100,50000.000000)
(159200,50000.000000)
(159300,50000.000000)
(159400,50000.000000)
(159500,50000.000000)
(159600,50000.000000)
(159700,50000.000000)
(159800,50000.000000)
(159900,50000.000000)
(160000,50000.000000)
(160100,50000.000000)
(160200,50000.000000)
(160300,50000.000000)
(160400,50000.000000)
(160500,50000.000000)
(160600,50000.000000)
(160700,50000.000000)
(160800,50000.000000)
(160900,50000.000000)
(161000,50000.000000)
(161100,50000.000000)
(161200,50000.000000)
(161300,50000.000000)
(161400,50000.000000)
(161500,50000.000000)
(161600,50000.000000)
(161700,50000.000000)
(161800,50000.000000)
(161900,50000.000000)
(162000,50000.000000)
(162100,50000.000000)
(162200,50000.000000)
(162300,50000.000000)
(162400,50000.000000)
(162500,50000.000000)
(162600,50000.000000)
(162700,50000.000000)
(162800,50000.000000)
(162900,50000.000000)
(163000,50000.000000)
(163100,50000.000000)
(163200,50000.000000)
(163300,50000.000000)
(163400,50000.000000)
(163500,50000.000000)
(163600,50000.000000)
(163700,50000.000000)
(163800,50000.000000)
(163900,50000.000000)
(164000,50000.000000)
(164100,50000.000000)
(164200,50000.000000)
(164300,50000.000000)
(164400,50000.000000)
(164500,50000.000000)
(164600,50000.000000)
(164700,50000.000000)
(164800,50000.000000)
(164900,50000.000000)
(165000,50000.000000)
(165100,50000.000000)
(165200,50000.000000)
(165300,50000.000000)
(165400,50000.000000)
(165500,50000.000000)
(165600,50000.000000)
(165700,50000.000000)
(165800,50000.000000)
(165900,50000.000000)
(166000,50000.000000)
(166100,50000.000000)
(166200,50000.000000)
(166300,50000.000000)
(166400,50000.000000)
(166500,50000.000000)
(166600,50000.000000)
(166700,50000.000000)
(166800,50000.000000)
(166900,50000.000000)
(167000,50000.000000)
(167100,50000.000000)
(167200,50000.000000)
(167300,50000.000000)
(167400,50000.000000)
(167500,50000.000000)
(167600,50000.000000)
(167700,50000.000000)
(167800,50000.000000)
(167900,50000.000000)
(168000,50000.000000)
(168100,50000.000000)
(168200,50000.000000)
(168300,50000.000000)
(168400,50000.000000)
(168500,50000.000000)
(168600,50000.000000)
(168700,50000.000000)
(168800,50000.000000)
(168900,50000.000000)
(169000,50000.000000)
(169100,50000.000000)
(169200,50000.000000)
(169300,50000.000000)
(169400,50000.000000)
(169500,50000.000000)
(169600,50000.000000)
(169700,50000.000000)
(169800,50000.000000)
(169900,50000.000000)
(170000,50000.000000)
(170100,50000.000000)
(170200,50000.000000)
(170300,50000.000000)
(170400,50000.000000)
(170500,50000.000000)
(170600,50000.000000)
(170700,50000.000000)
(170800,50000.000000)
(170900,50000.000000)
(171000,50000.000000)
(171100,50000.000000)
(171200,50000.000000)
(171300,50000.000000)
(171400,50000.000000)
(171500,50000.000000)
(171600,50000.000000)
(171700,50000.000000)
(171800,50000.000000)
(171900,50000.000000)
(172000,50000.000000)
(172100,50000.000000)
(172200,50000.000000)
(172300,50000.000000)
(172400,50000.000000)
(172500,50000.000000)
(172600,50000.000000)
(172700,50000.000000)
(172800,50000.000000)
(172900,50000.000000)
(173000,50000.000000)
(173100,50000.000000)
(173200,50000.000000)
(173300,50000.000000)
(173400,50000.000000)
(173500,50000.000000)
(173600,50000.000000)
(173700,50000.000000)
(173800,50000.000000)
(173900,50000.000000)
(174000,50000.000000)
(174100,50000.000000)
(174200,50000.000000)
(174300,50000.000000)
(174400,50000.000000)
(174500,50000.000000)
(174600,50000.000000)
(174700,50000.000000)
(174800,50000.000000)
(174900,50000.000000)
(175000,50000.000000)
(175100,50000.000000)
(175200,50000.000000)
(175300,50000.000000)
(175400,50000.000000)
(175500,50000.000000)
(175600,50000.000000)
(175700,50000.000000)
(175800,50000.000000)
(175900,50000.000000)
(176000,50000.000000)
(176100,50000.000000)
(176200,50000.000000)
(176300,50000.000000)
(176400,50000.000000)
(176500,50000.000000)
(176600,50000.000000)
(176700,50000.000000)
(176800,50000.000000)
(176900,50000.000000)
(177000,50000.000000)
(177100,50000.000000)
(177200,50000.000000)
(177300,50000.000000)
(177400,50000.000000)
(177500,50000.000000)
(177600,50000.000000)
(177700,50000.000000)
(177800,50000.000000)
(177900,50000.000000)
(178000,50000.000000)
(178100,50000.000000)
(178200,50000.000000)
(178300,50000.000000)
(178400,50000.000000)
(178500,50000.000000)
(178600,50000.000000)
(178700,50000.000000)
(178800,50000.000000)
(178900,50000.000000)
(179000,50000.000000)
(179100,50000.000000)
(179200,50000.000000)
(179300,50000.000000)
(179400,50000.000000)
(179500,50000.000000)
(179600,50000.000000)
(179700,50000.000000)
(179800,50000.000000)
(179900,50000.000000)
(180000,50000.000000)
(180100,50000.000000)
(180200,50000.000000)
(180300,50000.000000)
(180400,50000.000000)
(180500,50000.000000)
(180600,50000.000000)
(180700,50000.000000)
(180800,50000.000000)
(180900,50000.000000)
(181000,50000.000000)
(181100,50000.000000)
(181200,50000.000000)
(181300,50000.000000)
(181400,50000.000000)
(181500,50000.000000)
(181600,50000.000000)
(181700,50000.000000)
(181800,50000.000000)
(181900,50000.000000)
(182000,50000.000000)
(182100,50000.000000)
(182200,50000.000000)
(182300,50000.000000)
(182400,50000.000000)
(182500,50000.000000)
(182600,50000.000000)
(182700,50000.000000)
(182800,50000.000000)
(182900,50000.000000)
(183000,50000.000000)
(183100,50000.000000)
(183200,50000.000000)
(183300,50000.000000)
(183400,50000.000000)
(183500,50000.000000)
(183600,50000.000000)
(183700,50000.000000)
(183800,50000.000000)
(183900,50000.000000)
(184000,50000.000000)
(184100,50000.000000)
(184200,50000.000000)
(184300,50000.000000)
(184400,50000.000000)
(184500,50000.000000)
(184600,50000.000000)
(184700,50000.000000)
(184800,50000.000000)
(184900,50000.000000)
(185000,50000.000000)
(185100,50000.000000)
(185200,50000.000000)
(185300,50000.000000)
(185400,50000.000000)
(185500,50000.000000)
(185600,50000.000000)
(185700,50000.000000)
(185800,50000.000000)
(185900,50000.000000)
(186000,50000.000000)
(186100,50000.000000)
(186200,50000.000000)
(186300,50000.000000)
(186400,50000.000000)
(186500,50000.000000)
(186600,50000.000000)
(186700,50000.000000)
(186800,50000.000000)
(186900,50000.000000)
(187000,50000.000000)
(187100,50000.000000)
(187200,50000.000000)
(187300,50000.000000)
(187400,50000.000000)
(187500,50000.000000)
(187600,50000.000000)
(187700,50000.000000)
(187800,50000.000000)
(187900,50000.000000)
(188000,50000.000000)
(188100,50000.000000)
(188200,50000.000000)
(188300,50000.000000)
(188400,50000.000000)
(188500,50000.000000)
(188600,50000.000000)
(188700,50000.000000)
(188800,50000.000000)
(188900,50000.000000)
(189000,50000.000000)
(189100,50000.000000)
(189200,50000.000000)
(189300,50000.000000)
(189400,50000.000000)
(189500,50000.000000)
(189600,50000.000000)
(189700,50000.000000)
(189800,50000.000000)
(189900,50000.000000)
(190000,50000.000000)
(190100,50000.000000)
(190200,50000.000000)
(190300,50000.000000)
(190400,50000.000000)
(190500,50000.000000)
(190600,50000.000000)
(190700,50000.000000)
(190800,50000.000000)
(190900,50000.000000)
(191000,50000.000000)
(191100,50000.000000)
(191200,50000.000000)
(191300,50000.000000)
(191400,50000.000000)
(191500,50000.000000)
(191600,50000.000000)
(191700,50000.000000)
(191800,50000.000000)
(191900,50000.000000)
(192000,50000.000000)
(192100,50000.000000)
(192200,50000.000000)
(192300,50000.000000)
(192400,50000.000000)
(192500,50000.000000)
(192600,50000.000000)
(192700,50000.000000)
(192800,50000.000000)
(192900,50000.000000)
(193000,50000.000000)
(193100,50000.000000)
(193200,50000.000000)
(193300,50000.000000)
(193400,50000.000000)
(193500,50000.000000)
(193600,50000.000000)
(193700,50000.000000)
(193800,50000.000000)
(193900,50000.000000)
(194000,50000.000000)
(194100,50000.000000)
(194200,50000.000000)
(194300,50000.000000)
(194400,50000.000000)
(194500,50000.000000)
(194600,50000.000000)
(194700,50000.000000)
(194800,50000.000000)
(194900,50000.000000)
(195000,50000.000000)
(195100,50000.000000)
(195200,50000.000000)
(195300,50000.000000)
(195400,50000.000000)
(195500,50000.000000)
(195600,50000.000000)
(195700,50000.000000)
(195800,50000.000000)
(195900,50000.000000)
(196000,50000.000000)
(196100,50000.000000)
(196200,50000.000000)
(196300,50000.000000)
(196400,50000.000000)
(196500,50000.000000)
(196600,50000.000000)
(196700,50000.000000)
(196800,50000.000000)
(196900,50000.000000)
(197000,50000.000000)
(197100,50000.000000)
(197200,50000.000000)
(197300,50000.000000)
(197400,50000.000000)
(197500,50000.000000)
(197600,50000.000000)
(197700,50000.000000)
(197800,50000.000000)
(197900,50000.000000)
(198000,50000.000000)
(198100,50000.000000)
(198200,50000.000000)
(198300,50000.000000)
(198400,50000.000000)
(198500,50000.000000)
(198600,50000.000000)
(198700,50000.000000)
(198800,50000.000000)
(198900,50000.000000)
(199000,50000.000000)
(199100,50000.000000)
(199200,50000.000000)
(199300,50000.000000)
(199400,50000.000000)
(199500,50000.000000)
(199600,50000.000000)
(199700,50000.000000)
(199800,50000.000000)
(199900,50000.000000)
(200000,50000.000000)
(200100,50000.000000)
(200200,50000.000000)
(200300,50000.000000)
(200400,50000.000000)
(200500,50000.000000)
(200600,50000.000000)
(200700,50000.000000)
(200800,50000.000000)
(200900,50000.000000)
(201000,50000.000000)
(201100,50000.000000)
(201200,50000.000000)
(201300,50000.000000)
(201400,50000.000000)
(201500,50000.000000)
(201600,50000.000000)
(201700,50000.000000)
(201800,50000.000000)
(201900,50000.000000)
(202000,50000.000000)
(202100,50000.000000)
(202200,50000.000000)
(202300,50000.000000)
(202400,50000.000000)
(202500,50000.000000)
(202600,50000.000000)
(202700,50000.000000)
(202800,50000.000000)
(202900,50000.000000)
(203000,50000.000000)
(203100,50000.000000)
(203200,50000.000000)
(203300,50000.000000)
(203400,50000.000000)
(203500,50000.000000)
(203600,50000.000000)
(203700,50000.000000)
(203800,50000.000000)
(203900,50000.000000)
(204000,50000.000000)
(204100,50000.000000)
(204200,50000.000000)
(204300,50000.000000)
(204400,50000.000000)
(204500,50000.000000)
(204600,50000.000000)
(204700,50000.000000)
(204800,50000.000000)
(204900,50000.000000)
(205000,50000.000000)
(205100,50000.000000)
(205200,50000.000000)
(205300,50000.000000)
(205400,50000.000000)
(205500,50000.000000)
(205600,50000.000000)
(205700,50000.000000)
(205800,50000.000000)
(205900,50000.000000)
(206000,50000.000000)
(206100,50000.000000)
(206200,50000.000000)
(206300,50000.000000)
(206400,50000.000000)
(206500,50000.000000)
(206600,50000.000000)
(206700,50000.000000)
(206800,50000.000000)
(206900,50000.000000)
(207000,50000.000000)
(207100,50000.000000)
(207200,50000.000000)
(207300,50000.000000)
(207400,50000.000000)
(207500,50000.000000)
(207600,50000.000000)
(207700,50000.000000)
(207800,50000.000000)
(207900,50000.000000)
(208000,50000.000000)
(208100,50000.000000)
(208200,50000.000000)
(208300,50000.000000)
(208400,50000.000000)
(208500,50000.000000)
(208600,50000.000000)
(208700,50000.000000)
(208800,50000.000000)
(208900,50000.000000)
(209000,50000.000000)
(209100,50000.000000)
(209200,50000.000000)
(209300,50000.000000)
(209400,50000.000000)
(209500,50000.000000)
(209600,50000.000000)
(209700,50000.000000)
(209800,50000.000000)
(209900,50000.000000)
(210000,50000.000000)
(210100,50000.000000)
(210200,50000.000000)
(210300,50000.000000)
(210400,50000.000000)
(210500,50000.000000)
(210600,50000.000000)
(210700,50000.000000)
(210800,50000.000000)
(210900,50000.000000)
(211000,50000.000000)
(211100,50000.000000)
(211200,50000.000000)
(211300,50000.000000)
(211400,50000.000000)
(211500,50000.000000)
(211600,50000.000000)
(211700,50000.000000)
(211800,50000.000000)
(211900,50000.000000)
(212000,50000.000000)
(212100,50000.000000)
(212200,50000.000000)
(212300,50000.000000)
(212400,50000.000000)
(212500,50000.000000)
(212600,50000.000000)
(212700,50000.000000)
(212800,50000.000000)
(212900,50000.000000)
(213000,50000.000000)
(213100,50000.000000)
(213200,50000.000000)
(213300,50000.000000)
(213400,50000.000000)
(213500,50000.000000)
(213600,50000.000000)
(213700,50000.000000)
(213800,50000.000000)
(213900,50000.000000)
(214000,50000.000000)
(214100,50000.000000)
(214200,50000.000000)
(214300,50000.000000)
(214400,50000.000000)
(214500,50000.000000)
(214600,50000.000000)
(214700,50000.000000)
(214800,50000.000000)
(214900,50000.000000)
(215000,50000.000000)
(215100,50000.000000)
(215200,50000.000000)
(215300,50000.000000)
(215400,50000.000000)
(215500,50000.000000)
(215600,50000.000000)
(215700,50000.000000)
(215800,50000.000000)
(215900,50000.000000)
(216000,50000.000000)
(216100,50000.000000)
(216200,50000.000000)
(216300,50000.000000)
(216400,50000.000000)
(216500,50000.000000)
(216600,50000.000000)
(216700,50000.000000)
(216800,50000.000000)
(216900,50000.000000)
(217000,50000.000000)
(217100,50000.000000)
(217200,50000.000000)
(217300,50000.000000)
(217400,50000.000000)
(217500,50000.000000)
(217600,50000.000000)
(217700,50000.000000)
(217800,50000.000000)
(217900,50000.000000)
(218000,50000.000000)
(218100,50000.000000)
(218200,50000.000000)
(218300,50000.000000)
(218400,50000.000000)
(218500,50000.000000)
(218600,50000.000000)
(218700,50000.000000)
(218800,50000.000000)
(218900,50000.000000)
(219000,50000.000000)
(219100,50000.000000)
(219200,50000.000000)
(219300,50000.000000)
(219400,50000.000000)
(219500,50000.000000)
(219600,50000.000000)
(219700,50000.000000)
(219800,50000.000000)
(219900,50000.000000)
(220000,50000.000000)
(220100,50000.000000)
(220200,50000.000000)
(220300,50000.000000)
(220400,50000.000000)
(220500,50000.000000)
(220600,50000.000000)
(220700,50000.000000)
(220800,50000.000000)
(220900,50000.000000)
(221000,50000.000000)
(221100,50000.000000)
(221200,50000.000000)
(221300,50000.000000)
(221400,50000.000000)
(221500,50000.000000)
(221600,50000.000000)
(221700,50000.000000)
(221800,50000.000000)
(221900,50000.000000)
(222000,50000.000000)
(222100,50000.000000)
(222200,50000.000000)
(222300,50000.000000)
(222400,50000.000000)
(222500,50000.000000)
(222600,50000.000000)
(222700,50000.000000)
(222800,50000.000000)
(222900,50000.000000)
(223000,50000.000000)
(223100,50000.000000)
(223200,50000.000000)
(223300,50000.000000)
(223400,50000.000000)
(223500,50000.000000)
(223600,50000.000000)
(223700,50000.000000)
(223800,50000.000000)
(223900,50000.000000)
(224000,50000.000000)
(224100,50000.000000)
(224200,50000.000000)
(224300,50000.000000)
(224400,50000.000000)
(224500,50000.000000)
(224600,50000.000000)
(224700,50000.000000)
(224800,50000.000000)
(224900,50000.000000)
(225000,50000.000000)
(225100,50000.000000)
(225200,50000.000000)
(225300,50000.000000)
(225400,50000.000000)
(225500,50000.000000)
(225600,50000.000000)
(225700,50000.000000)
(225800,50000.000000)
(225900,50000.000000)
(226000,50000.000000)
(226100,50000.000000)
(226200,50000.000000)
(226300,50000.000000)
(226400,50000.000000)
(226500,50000.000000)
(226600,50000.000000)
(226700,50000.000000)
(226800,50000.000000)
(226900,50000.000000)
(227000,50000.000000)
(227100,50000.000000)
(227200,50000.000000)
(227300,50000.000000)
(227400,50000.000000)
(227500,50000.000000)
(227600,50000.000000)
(227700,50000.000000)
(227800,50000.000000)
(227900,50000.000000)
(228000,50000.000000)
(228100,50000.000000)
(228200,50000.000000)
(228300,50000.000000)
(228400,50000.000000)
(228500,50000.000000)
(228600,50000.000000)
(228700,50000.000000)
(228800,50000.000000)
(228900,50000.000000)
(229000,50000.000000)
(229100,50000.000000)
(229200,50000.000000)
(229300,50000.000000)
(229400,50000.000000)
(229500,50000.000000)
(229600,50000.000000)
(229700,50000.000000)
(229800,50000.000000)
(229900,50000.000000)
(230000,50000.000000)
(230100,50000.000000)
(230200,50000.000000)
(230300,50000.000000)
(230400,50000.000000)
(230500,50000.000000)
(230600,50000.000000)
(230700,50000.000000)
(230800,50000.000000)
(230900,50000.000000)
(231000,50000.000000)
(231100,50000.000000)
(231200,50000.000000)
(231300,50000.000000)
(231400,50000.000000)
(231500,50000.000000)
(231600,50000.000000)
(231700,50000.000000)
(231800,50000.000000)
(231900,50000.000000)
(232000,50000.000000)
(232100,50000.000000)
(232200,50000.000000)
(232300,50000.000000)
(232400,50000.000000)
(232500,50000.000000)
(232600,50000.000000)
(232700,50000.000000)
(232800,50000.000000)
(232900,50000.000000)
(233000,50000.000000)
(233100,50000.000000)
(233200,50000.000000)
(233300,50000.000000)
(233400,50000.000000)
(233500,50000.000000)
(233600,50000.000000)
(233700,50000.000000)
(233800,50000.000000)
(233900,50000.000000)
(234000,50000.000000)
(234100,50000.000000)
(234200,50000.000000)
(234300,50000.000000)
(234400,50000.000000)
(234500,50000.000000)
(234600,50000.000000)
(234700,50000.000000)
(234800,50000.000000)
(234900,50000.000000)
(235000,50000.000000)
(235100,50000.000000)
(235200,50000.000000)
(235300,50000.000000)
(235400,50000.000000)
(235500,50000.000000)
(235600,50000.000000)
(235700,50000.000000)
(235800,50000.000000)
(235900,50000.000000)
(236000,50000.000000)
(236100,50000.000000)
(236200,50000.000000)
(236300,50000.000000)
(236400,50000.000000)
(236500,50000.000000)
(236600,50000.000000)
(236700,50000.000000)
(236800,50000.000000)
(236900,50000.000000)
(237000,50000.000000)
(237100,50000.000000)
(237200,50000.000000)
(237300,50000.000000)
(237400,50000.000000)
(237500,50000.000000)
(237600,50000.000000)
(237700,50000.000000)
(237800,50000.000000)
(237900,50000.000000)
(238000,50000.000000)
(238100,50000.000000)
(238200,50000.000000)
(238300,50000.000000)
(238400,50000.000000)
(238500,50000.000000)
(238600,50000.000000)
(238700,50000.000000)
(238800,50000.000000)
(238900,50000.000000)
(239000,50000.000000)
(239100,50000.000000)
(239200,50000.000000)
(239300,50000.000000)
(239400,50000.000000)
(239500,50000.000000)
(239600,50000.000000)
(239700,50000.000000)
(239800,50000.000000)
(239900,50000.000000)
(240000,50000.000000)
(240100,50000.000000)
(240200,50000.000000)
(240300,50000.000000)
(240400,50000.000000)
(240500,50000.000000)
(240600,50000.000000)
(240700,50000.000000)
(240800,50000.000000)
(240900,50000.000000)
(241000,50000.000000)
(241100,50000.000000)
(241200,50000.000000)
(241300,50000.000000)
(241400,50000.000000)
(241500,50000.000000)
(241600,50000.000000)
(241700,50000.000000)
(241800,50000.000000)
(241900,50000.000000)
(242000,50000.000000)
(242100,50000.000000)
(242200,50000.000000)
(242300,50000.000000)
(242400,50000.000000)
(242500,50000.000000)
(242600,50000.000000)
(242700,50000.000000)
(242800,50000.000000)
(242900,50000.000000)
(243000,50000.000000)
(243100,50000.000000)
(243200,50000.000000)
(243300,50000.000000)
(243400,50000.000000)
(243500,50000.000000)
(243600,50000.000000)
(243700,50000.000000)
(243800,50000.000000)
(243900,50000.000000)
(244000,50000.000000)
(244100,50000.000000)
(244200,50000.000000)
(244300,50000.000000)
(244400,50000.000000)
(244500,50000.000000)
(244600,50000.000000)
(244700,50000.000000)
(244800,50000.000000)
(244900,50000.000000)
(245000,50000.000000)
(245100,50000.000000)
(245200,50000.000000)
(245300,50000.000000)
(245400,50000.000000)
(245500,50000.000000)
(245600,50000.000000)
(245700,50000.000000)
(245800,50000.000000)
(245900,50000.000000)
(246000,50000.000000)
(246100,50000.000000)
(246200,50000.000000)
(246300,50000.000000)
(246400,50000.000000)
(246500,50000.000000)
(246600,50000.000000)
(246700,50000.000000)
(246800,50000.000000)
(246900,50000.000000)
(247000,50000.000000)
(247100,50000.000000)
(247200,50000.000000)
(247300,50000.000000)
(247400,50000.000000)
(247500,50000.000000)
(247600,50000.000000)
(247700,50000.000000)
(247800,50000.000000)
(247900,50000.000000)
(248000,50000.000000)
(248100,50000.000000)
(248200,50000.000000)
(248300,50000.000000)
(248400,50000.000000)
(248500,50000.000000)
(248600,50000.000000)
(248700,50000.000000)
(248800,50000.000000)
(248900,50000.000000)
(249000,50000.000000)
(249100,50000.000000)
(249200,50000.000000)
(249300,50000.000000)
(249400,50000.000000)
(249500,50000.000000)
(249600,50000.000000)
(249700,50000.000000)
(249800,50000.000000)
(249900,50000.000000)
(250000,50000.000000)
(250100,50000.000000)
(250200,50000.000000)
(250300,50000.000000)
(250400,50000.000000)
(250500,50000.000000)
(250600,50000.000000)
(250700,50000.000000)
(250800,50000.000000)
(250900,50000.000000)
(251000,50000.000000)
(251100,50000.000000)
(251200,50000.000000)
(251300,50000.000000)
(251400,50000.000000)
(251500,50000.000000)
(251600,50000.000000)
(251700,50000.000000)
(251800,50000.000000)
(251900,50000.000000)
(252000,50000.000000)
(252100,50000.000000)
(252200,50000.000000)
(252300,50000.000000)
(252400,50000.000000)
(252500,50000.000000)
(252600,50000.000000)
(252700,50000.000000)
(252800,50000.000000)
(252900,50000.000000)
(253000,50000.000000)
(253100,50000.000000)
(253200,50000.000000)
(253300,50000.000000)
(253400,50000.000000)
(253500,50000.000000)
(253600,50000.000000)
(253700,50000.000000)
(253800,50000.000000)
(253900,50000.000000)
(254000,50000.000000)
(254100,50000.000000)
(254200,50000.000000)
(254300,50000.000000)
(254400,50000.000000)
(254500,50000.000000)
(254600,50000.000000)
(254700,50000.000000)
(254800,50000.000000)
(254900,50000.000000)
(255000,50000.000000)
(255100,50000.000000)
(255200,50000.000000)
(255300,50000.000000)
(255400,50000.000000)
(255500,50000.000000)
(255600,50000.000000)
(255700,50000.000000)
(255800,50000.000000)
(255900,50000.000000)
(256000,50000.000000)
(256100,50000.000000)
(256200,50000.000000)
(256300,50000.000000)
(256400,50000.000000)
(256500,50000.000000)
(256600,50000.000000)
(256700,50000.000000)
(256800,50000.000000)
(256900,50000.000000)
(257000,50000.000000)
(257100,50000.000000)
(257200,50000.000000)
(257300,50000.000000)
(257400,50000.000000)
(257500,50000.000000)
(257600,50000.000000)
(257700,50000.000000)
(257800,50000.000000)
(257900,50000.000000)
(258000,50000.000000)
(258100,50000.000000)
(258200,50000.000000)
(258300,50000.000000)
(258400,50000.000000)
(258500,50000.000000)
(258600,50000.000000)
(258700,50000.000000)
(258800,50000.000000)
(258900,50000.000000)
(259000,50000.000000)
(259100,50000.000000)
(259200,50000.000000)
(259300,50000.000000)
(259400,50000.000000)
(259500,50000.000000)
(259600,50000.000000)
(259700,50000.000000)
(259800,50000.000000)
(259900,50000.000000)
(260000,50000.000000)
(260100,50000.000000)
(260200,50000.000000)
(260300,50000.000000)
(260400,50000.000000)
(260500,50000.000000)
(260600,50000.000000)
(260700,50000.000000)
(260800,50000.000000)
(260900,50000.000000)
(261000,50000.000000)
(261100,50000.000000)
(261200,50000.000000)
(261300,50000.000000)
(261400,50000.000000)
(261500,50000.000000)
(261600,50000.000000)
(261700,50000.000000)
(261800,50000.000000)
(261900,50000.000000)
(262000,50000.000000)
(262100,50000.000000)
(262200,50000.000000)
(262300,50000.000000)
(262400,50000.000000)
(262500,50000.000000)
(262600,50000.000000)
(262700,50000.000000)
(262800,50000.000000)
(262900,50000.000000)
(263000,50000.000000)
(263100,50000.000000)
(263200,50000.000000)
(263300,50000.000000)
(263400,50000.000000)
(263500,50000.000000)
(263600,50000.000000)
(263700,50000.000000)
(263800,50000.000000)
(263900,50000.000000)
(264000,50000.000000)
(264100,50000.000000)
(264200,50000.000000)
(264300,50000.000000)
(264400,50000.000000)
(264500,50000.000000)
(264600,50000.000000)
(264700,50000.000000)
(264800,50000.000000)
(264900,50000.000000)
(265000,50000.000000)
(265100,50000.000000)
(265200,50000.000000)
(265300,50000.000000)
(265400,50000.000000)
(265500,50000.000000)
(265600,50000.000000)
(265700,50000.000000)
(265800,50000.000000)
(265900,50000.000000)
(266000,50000.000000)
(266100,50000.000000)
(266200,50000.000000)
(266300,50000.000000)
(266400,50000.000000)
(266500,50000.000000)
(266600,50000.000000)
(266700,50000.000000)
(266800,50000.000000)
(266900,50000.000000)
(267000,50000.000000)
(267100,50000.000000)
(267200,50000.000000)
(267300,50000.000000)
(267400,50000.000000)
(267500,50000.000000)
(267600,50000.000000)
(267700,50000.000000)
(267800,50000.000000)
(267900,50000.000000)
(268000,50000.000000)
(268100,50000.000000)
(268200,50000.000000)
(268300,50000.000000)
(268400,50000.000000)
(268500,50000.000000)
(268600,50000.000000)
(268700,50000.000000)
(268800,50000.000000)
(268900,50000.000000)
(269000,50000.000000)
(269100,50000.000000)
(269200,50000.000000)
(269300,50000.000000)
(269400,50000.000000)
(269500,50000.000000)
(269600,50000.000000)
(269700,50000.000000)
(269800,50000.000000)
(269900,50000.000000)
(270000,50000.000000)
(270100,50000.000000)
(270200,50000.000000)
(270300,50000.000000)
(270400,50000.000000)
(270500,50000.000000)
(270600,50000.000000)
(270700,50000.000000)
(270800,50000.000000)
(270900,50000.000000)
(271000,50000.000000)
(271100,50000.000000)
(271200,50000.000000)
(271300,50000.000000)
(271400,50000.000000)
(271500,50000.000000)
(271600,50000.000000)
(271700,50000.000000)
(271800,50000.000000)
(271900,50000.000000)
(272000,50000.000000)
(272100,50000.000000)
(272200,50000.000000)
(272300,50000.000000)
(272400,50000.000000)
(272500,50000.000000)
(272600,50000.000000)
(272700,50000.000000)
(272800,50000.000000)
(272900,50000.000000)
(273000,50000.000000)
(273100,50000.000000)
(273200,50000.000000)
(273300,50000.000000)
(273400,50000.000000)
(273500,50000.000000)
(273600,50000.000000)
(273700,50000.000000)
(273800,50000.000000)
(273900,50000.000000)
(274000,50000.000000)
(274100,50000.000000)
(274200,50000.000000)
(274300,50000.000000)
(274400,50000.000000)
(274500,50000.000000)
(274600,50000.000000)
(274700,50000.000000)
(274800,50000.000000)
(274900,50000.000000)
(275000,50000.000000)
(275100,50000.000000)
(275200,50000.000000)
(275300,50000.000000)
(275400,50000.000000)
(275500,50000.000000)
(275600,50000.000000)
(275700,50000.000000)
(275800,50000.000000)
(275900,50000.000000)
(276000,50000.000000)
(276100,50000.000000)
(276200,50000.000000)
(276300,50000.000000)
(276400,50000.000000)
(276500,50000.000000)
(276600,50000.000000)
(276700,50000.000000)
(276800,50000.000000)
(276900,50000.000000)
(277000,50000.000000)
(277100,50000.000000)
(277200,50000.000000)
(277300,50000.000000)
(277400,50000.000000)
(277500,50000.000000)
(277600,50000.000000)
(277700,50000.000000)
(277800,50000.000000)
(277900,50000.000000)
(278000,50000.000000)
(278100,50000.000000)
(278200,50000.000000)
(278300,50000.000000)
(278400,50000.000000)
(278500,50000.000000)
(278600,50000.000000)
(278700,50000.000000)
(278800,50000.000000)
(278900,50000.000000)
(279000,50000.000000)
(279100,50000.000000)
(279200,50000.000000)
(279300,50000.000000)
(279400,50000.000000)
(279500,50000.000000)
(279600,50000.000000)
(279700,50000.000000)
(279800,50000.000000)
(279900,50000.000000)
(280000,50000.000000)
(280100,50000.000000)
(280200,50000.000000)
(280300,50000.000000)
(280400,50000.000000)
(280500,50000.000000)
(280600,50000.000000)
(280700,50000.000000)
(280800,50000.000000)
(280900,50000.000000)
(281000,50000.000000)
(281100,50000.000000)
(281200,50000.000000)
(281300,50000.000000)
(281400,50000.000000)
(281500,50000.000000)
(281600,50000.000000)
(281700,50000.000000)
(281800,50000.000000)
(281900,50000.000000)
(282000,50000.000000)
(282100,50000.000000)
(282200,50000.000000)
(282300,50000.000000)
(282400,50000.000000)
(282500,50000.000000)
(282600,50000.000000)
(282700,50000.000000)
(282800,50000.000000)
(282900,50000.000000)
(283000,50000.000000)
(283100,50000.000000)
(283200,50000.000000)
(283300,50000.000000)
(283400,50000.000000)
(283500,50000.000000)
(283600,50000.000000)
(283700,50000.000000)
(283800,50000.000000)
(283900,50000.000000)
(284000,50000.000000)
(284100,50000.000000)
(284200,50000.000000)
(284300,50000.000000)
(284400,50000.000000)
(284500,50000.000000)
(284600,50000.000000)
(284700,50000.000000)
(284800,50000.000000)
(284900,50000.000000)
(285000,50000.000000)
(285100,50000.000000)
(285200,50000.000000)
(285300,50000.000000)
(285400,50000.000000)
(285500,50000.000000)
(285600,50000.000000)
(285700,50000.000000)
(285800,50000.000000)
(285900,50000.000000)
(286000,50000.000000)
(286100,50000.000000)
(286200,50000.000000)
(286300,50000.000000)
(286400,50000.000000)
(286500,50000.000000)
(286600,50000.000000)
(286700,50000.000000)
(286800,50000.000000)
(286900,50000.000000)
(287000,50000.000000)
(287100,50000.000000)
(287200,50000.000000)
(287300,50000.000000)
(287400,50000.000000)
(287500,50000.000000)
(287600,50000.000000)
(287700,50000.000000)
(287800,50000.000000)
(287900,50000.000000)
(288000,50000.000000)
(288100,50000.000000)
(288200,50000.000000)
(288300,50000.000000)
(288400,50000.000000)
(288500,50000.000000)
(288600,50000.000000)
(288700,50000.000000)
(288800,50000.000000)
(288900,50000.000000)
(289000,50000.000000)
(289100,50000.000000)
(289200,50000.000000)
(289300,50000.000000)
(289400,50000.000000)
(289500,50000.000000)
(289600,50000.000000)
(289700,50000.000000)
(289800,50000.000000)
(289900,50000.000000)
(290000,50000.000000)
(290100,50000.000000)
(290200,50000.000000)
(290300,50000.000000)
(290400,50000.000000)
(290500,50000.000000)
(290600,50000.000000)
(290700,50000.000000)
(290800,50000.000000)
(290900,50000.000000)
(291000,50000.000000)
(291100,50000.000000)
(291200,50000.000000)
(291300,50000.000000)
(291400,50000.000000)
(291500,50000.000000)
(291600,50000.000000)
(291700,50000.000000)
(291800,50000.000000)
(291900,50000.000000)
(292000,50000.000000)
(292100,50000.000000)
(292200,50000.000000)
(292300,50000.000000)
(292400,50000.000000)
(292500,50000.000000)
(292600,50000.000000)
(292700,50000.000000)
(292800,50000.000000)
(292900,50000.000000)
(293000,50000.000000)
(293100,50000.000000)
(293200,50000.000000)
(293300,50000.000000)
(293400,50000.000000)
(293500,50000.000000)
(293600,50000.000000)
(293700,50000.000000)
(293800,50000.000000)
(293900,50000.000000)
(294000,50000.000000)
(294100,50000.000000)
(294200,50000.000000)
(294300,50000.000000)
(294400,50000.000000)
(294500,50000.000000)
(294600,50000.000000)
(294700,50000.000000)
(294800,50000.000000)
(294900,50000.000000)
(295000,50000.000000)
(295100,50000.000000)
(295200,50000.000000)
(295300,50000.000000)
(295400,50000.000000)
(295500,50000.000000)
(295600,50000.000000)
(295700,50000.000000)
(295800,50000.000000)
(295900,50000.000000)
(296000,50000.000000)
(296100,50000.000000)
(296200,50000.000000)
(296300,50000.000000)
(296400,50000.000000)
(296500,50000.000000)
(296600,50000.000000)
(296700,50000.000000)
(296800,50000.000000)
(296900,50000.000000)
(297000,50000.000000)
(297100,50000.000000)
(297200,50000.000000)
(297300,50000.000000)
(297400,50000.000000)
(297500,50000.000000)
(297600,50000.000000)
(297700,50000.000000)
(297800,50000.000000)
(297900,50000.000000)
(298000,50000.000000)
(298100,50000.000000)
(298200,50000.000000)
(298300,50000.000000)
(298400,50000.000000)
(298500,50000.000000)
(298600,50000.000000)
(298700,50000.000000)
(298800,50000.000000)
(298900,50000.000000)
(299000,50000.000000)
(299100,50000.000000)
(299200,50000.000000)
(299300,50000.000000)
(299400,50000.000000)
(299500,50000.000000)
(299600,50000.000000)
(299700,50000.000000)
(299800,50000.000000)
(299900,50000.000000)
(300000,50000.000000)
(300100,50000.000000)
