20900.000000 
20900.000000 
21100.000000 
21300.000000 
21500.000000 
21700.000000 
21900.000000 
22100.000000 
22300.000000 
22500.000000 
22700.000000 
22900.000000 
23100.000000 
23300.000000 
23500.000000 
23700.000000 
23900.000000 
24100.000000 
24300.000000 
24500.000000 
24700.000000 
24900.000000 
25100.000000 
25300.000000 
25500.000000 
25700.000000 
25900.000000 
26100.000000 
26300.000000 
26500.000000 
26700.000000 
26900.000000 
27100.000000 
27300.000000 
27500.000000 
27700.000000 
27900.000000 
28100.000000 
28300.000000 
28500.000000 
28700.000000 
28900.000000 
29100.000000 
29300.000000 
29500.000000 
29700.000000 
29900.000000 
30100.000000 
30300.000000 
30500.000000 
30700.000000 
30900.000000 
31100.000000 
31300.000000 
31500.000000 
31700.000000 
31900.000000 
32100.000000 
32300.000000 
32500.000000 
32700.000000 
32900.000000 
33100.000000 
33300.000000 
33500.000000 
33700.000000 
33900.000000 
34100.000000 
34300.000000 
34500.000000 
34700.000000 
34900.000000 
35100.000000 
35300.000000 
35500.000000 
35700.000000 
35900.000000 
36100.000000 
36300.000000 
36500.000000 
36700.000000 
36900.000000 
37100.000000 
37300.000000 
37500.000000 
37700.000000 
37900.000000 
38100.000000 
38300.000000 
38500.000000 
38700.000000 
38900.000000 
39100.000000 
39300.000000 
39500.000000 
39700.000000 
39900.000000 
40100.000000 
40300.000000 
40500.000000 
40700.000000 
40900.000000 
41100.000000 
41300.000000 
41500.000000 
41700.000000 
41900.000000 
42100.000000 
42300.000000 
42500.000000 
42700.000000 
42900.000000 
43100.000000 
43300.000000 
43500.000000 
43700.000000 
43900.000000 
44100.000000 
44300.000000 
44500.000000 
44700.000000 
44900.000000 
45100.000000 
45300.000000 
45500.000000 
45700.000000 
45900.000000 
46100.000000 
46300.000000 
46500.000000 
46700.000000 
46900.000000 
47100.000000 
47300.000000 
47500.000000 
47700.000000 
47900.000000 
48100.000000 
48300.000000 
48500.000000 
48700.000000 
48900.000000 
49100.000000 
49300.000000 
49500.000000 
49700.000000 
49900.000000 
50100.000000 
50300.000000 
50500.000000 
50700.000000 
50900.000000 
51100.000000 
51300.000000 
51500.000000 
51700.000000 
51900.000000 
52100.000000 
52300.000000 
52500.000000 
52700.000000 
52900.000000 
53100.000000 
53300.000000 
53500.000000 
53700.000000 
53900.000000 
54100.000000 
54300.000000 
54500.000000 
54700.000000 
54900.000000 
55100.000000 
55300.000000 
55500.000000 
55700.000000 
55900.000000 
56100.000000 
56300.000000 
56500.000000 
56700.000000 
56900.000000 
57100.000000 
57300.000000 
57500.000000 
57700.000000 
57900.000000 
58100.000000 
58300.000000 
58500.000000 
58700.000000 
58900.000000 
59100.000000 
59300.000000 
59500.000000 
59700.000000 
59900.000000 
60100.000000 
60300.000000 
60500.000000 
60700.000000 
60900.000000 
61100.000000 
61300.000000 
61500.000000 
61700.000000 
61900.000000 
62100.000000 
62300.000000 
62500.000000 
62700.000000 
62900.000000 
63100.000000 
63300.000000 
63500.000000 
63700.000000 
63900.000000 
64100.000000 
64300.000000 
64500.000000 
64700.000000 
64900.000000 
65100.000000 
65300.000000 
65500.000000 
65700.000000 
65900.000000 
66100.000000 
66300.000000 
66500.000000 
66700.000000 
66900.000000 
67100.000000 
67300.000000 
67500.000000 
67700.000000 
67900.000000 
68100.000000 
68300.000000 
68500.000000 
68700.000000 
68900.000000 
69100.000000 
69300.000000 
69500.000000 
69700.000000 
69900.000000 
70100.000000 
70300.000000 
70500.000000 
70700.000000 
70900.000000 
71100.000000 
71300.000000 
71500.000000 
71700.000000 
71900.000000 
72100.000000 
72300.000000 
72500.000000 
72700.000000 
72900.000000 
73100.000000 
73300.000000 
73500.000000 
73700.000000 
73900.000000 
74100.000000 
74300.000000 
74500.000000 
74700.000000 
74900.000000 
75100.000000 
75300.000000 
75500.000000 
75700.000000 
75900.000000 
76100.000000 
76300.000000 
76500.000000 
76700.000000 
76900.000000 
77100.000000 
77300.000000 
77500.000000 
77700.000000 
77900.000000 
78100.000000 
78300.000000 
78500.000000 
78700.000000 
78900.000000 
79100.000000 
79300.000000 
79500.000000 
79700.000000 
79900.000000 
80100.000000 
80300.000000 
80500.000000 
80700.000000 
80994.117647 
81288.235294 
81582.352941 
81876.470588 
82170.588235 
82464.705882 
82758.823529 
83052.941176 
83347.058824 
83641.176471 
83935.294118 
84229.411765 
84523.529412 
84817.647059 
85111.764706 
85405.882353 
85700.000000 
85994.117647 
86288.235294 
86582.352941 
86876.470588 
87170.588235 
87464.705882 
87758.823529 
88052.941176 
88347.058824 
88641.176471 
88935.294118 
89229.411765 
89523.529412 
89817.647059 
90111.764706 
90405.882353 
90700.000000 
90994.117647 
91288.235294 
91582.352941 
91876.470588 
92170.588235 
92464.705882 
92758.823529 
93052.941176 
93347.058824 
93641.176471 
93935.294118 
94229.411765 
94523.529412 
94817.647059 
95111.764706 
95405.882353 
95700.000000 
95994.117647 
96288.235294 
96582.352941 
96876.470588 
97170.588235 
97464.705882 
97758.823529 
98052.941176 
98347.058824 
98641.176471 
98935.294118 
99229.411765 
99523.529412 
99817.647059 
100111.764706 
100405.882353 
100700.000000 
100994.117647 
101288.235294 
101582.352941 
101876.470588 
102170.588235 
102464.705882 
102758.823529 
103052.941176 
103347.058824 
103641.176471 
103935.294118 
104229.411765 
104523.529412 
104817.647059 
105111.764706 
105405.882353 
105700.000000 
105994.117647 
106288.235294 
106582.352941 
106876.470588 
107170.588235 
107464.705882 
107758.823529 
108052.941176 
108347.058824 
108641.176471 
108935.294118 
109229.411765 
109523.529412 
109817.647059 
110111.764706 
110405.882353 
110700.000000 
110994.117647 
111288.235294 
111582.352941 
111876.470588 
112170.588235 
112464.705882 
112758.823529 
113052.941176 
113347.058824 
113641.176471 
113935.294118 
114229.411765 
114523.529412 
114817.647059 
115111.764706 
115405.882353 
115700.000000 
115994.117647 
116288.235294 
116582.352941 
116876.470588 
117170.588235 
117464.705882 
117758.823529 
118052.941176 
118347.058824 
118641.176471 
118935.294118 
119229.411765 
119523.529412 
119817.647059 
120111.764706 
120405.882353 
120700.000000 
120994.117647 
121288.235294 
121582.352941 
121876.470588 
122170.588235 
122464.705882 
122758.823529 
123052.941176 
123347.058824 
123641.176471 
123935.294118 
124229.411765 
124523.529412 
124817.647059 
125111.764706 
125405.882353 
125700.000000 
125994.117647 
126288.235294 
126582.352941 
126876.470588 
127170.588235 
127464.705882 
127758.823529 
128052.941176 
128347.058824 
128641.176471 
128935.294118 
129229.411765 
129523.529412 
129817.647059 
130111.764706 
130405.882353 
130700.000000 
130994.117647 
131288.235294 
131582.352941 
131876.470588 
132170.588235 
132464.705882 
132758.823529 
133052.941176 
133347.058824 
133641.176471 
133935.294118 
134229.411765 
134523.529412 
134817.647059 
135111.764706 
135405.882353 
135700.000000 
135994.117647 
136288.235294 
136582.352941 
136876.470588 
137170.588235 
137464.705882 
137758.823529 
138052.941176 
138347.058824 
138641.176471 
138935.294118 
139229.411765 
139523.529412 
139817.647059 
140111.764706 
140405.882353 
140700.000000 
140994.117647 
141288.235294 
141582.352941 
141876.470588 
142170.588235 
142464.705882 
142758.823529 
143052.941176 
143347.058824 
143641.176471 
143935.294118 
144229.411765 
144523.529412 
144817.647059 
145111.764706 
145405.882353 
145700.000000 
145994.117647 
146288.235294 
146582.352941 
146876.470588 
147170.588235 
147464.705882 
147758.823529 
148052.941176 
148347.058824 
148641.176471 
148935.294118 
149229.411765 
149523.529412 
149817.647059 
150111.764706 
150405.882353 
150700.000000 
150994.117647 
151288.235294 
151582.352941 
151876.470588 
152170.588235 
152464.705882 
152758.823529 
153052.941176 
153347.058824 
153641.176471 
153935.294118 
154229.411765 
154523.529412 
154817.647059 
155111.764706 
155405.882353 
155700.000000 
155994.117647 
156288.235294 
156582.352941 
156876.470588 
157170.588235 
157464.705882 
157758.823529 
158052.941176 
158347.058824 
158641.176471 
158935.294118 
159229.411765 
159523.529412 
159817.647059 
160111.764706 
160405.882353 
160700.000000 
160994.117647 
161288.235294 
161582.352941 
161876.470588 
162170.588235 
162464.705882 
162758.823529 
163052.941176 
163347.058824 
163641.176471 
163935.294118 
164229.411765 
164523.529412 
164817.647059 
165111.764706 
165405.882353 
165700.000000 
165994.117647 
166288.235294 
166582.352941 
166876.470588 
167170.588235 
167464.705882 
167758.823529 
168052.941176 
168347.058824 
168641.176471 
168935.294118 
169229.411765 
169523.529412 
169817.647059 
170111.764706 
170405.882353 
170700.000000 
170994.117647 
171288.235294 
171582.352941 
171876.470588 
172170.588235 
172464.705882 
172758.823529 
173052.941176 
173347.058824 
173641.176471 
173935.294118 
174229.411765 
174523.529412 
174817.647059 
175111.764706 
175405.882353 
175700.000000 
175994.117647 
176288.235294 
176582.352941 
176876.470588 
177170.588235 
177464.705882 
177758.823529 
178052.941176 
178347.058824 
178641.176471 
178935.294118 
179229.411765 
179523.529412 
179817.647059 
180111.764706 
180405.882353 
180700.000000 
180994.117647 
181288.235294 
181582.352941 
181876.470588 
182170.588235 
182464.705882 
182758.823529 
183052.941176 
183347.058824 
183641.176471 
183935.294118 
184229.411765 
184523.529412 
184817.647059 
185111.764706 
185405.882353 
185700.000000 
185994.117647 
186288.235294 
186582.352941 
186876.470588 
187170.588235 
187464.705882 
187758.823529 
188052.941176 
188347.058824 
188641.176471 
188935.294118 
189229.411765 
189523.529412 
189817.647059 
190111.764706 
190405.882353 
190700.000000 
190994.117647 
191288.235294 
191582.352941 
191876.470588 
192170.588235 
192464.705882 
192758.823529 
193052.941176 
193347.058824 
193641.176471 
193935.294118 
194229.411765 
194523.529412 
194817.647059 
195111.764706 
195405.882353 
195700.000000 
195994.117647 
196288.235294 
196582.352941 
196876.470588 
197170.588235 
197464.705882 
197758.823529 
198052.941176 
198347.058824 
198641.176471 
198935.294118 
199229.411765 
199523.529412 
199817.647059 
200111.764706 
200405.882353 
200700.000000 
200994.117647 
201288.235294 
201582.352941 
201876.470588 
202170.588235 
202464.705882 
202758.823529 
203052.941176 
203347.058824 
203641.176471 
203935.294118 
204229.411765 
204523.529412 
204817.647059 
205111.764706 
205405.882353 
205700.000000 
205994.117647 
206288.235294 
206582.352941 
206876.470588 
207170.588235 
207464.705882 
207758.823529 
208052.941176 
208347.058824 
208641.176471 
208935.294118 
209229.411765 
209523.529412 
209817.647059 
210111.764706 
210405.882353 
210700.000000 
210994.117647 
211288.235294 
211582.352941 
211876.470588 
212170.588235 
212464.705882 
212758.823529 
213052.941176 
213347.058824 
213641.176471 
213935.294118 
214229.411765 
214523.529412 
214817.647059 
215111.764706 
215405.882353 
215700.000000 
215994.117647 
216288.235294 
216582.352941 
216876.470588 
217170.588235 
217464.705882 
217758.823529 
218052.941176 
218347.058824 
218641.176471 
218935.294118 
219229.411765 
219523.529412 
219817.647059 
220111.764706 
220405.882353 
220700.000000 
220994.117647 
221288.235294 
221582.352941 
221876.470588 
222170.588235 
222464.705882 
222758.823529 
223052.941176 
223347.058824 
223641.176471 
223935.294118 
224229.411765 
224523.529412 
224817.647059 
225111.764706 
225405.882353 
225700.000000 
225994.117647 
226288.235294 
226582.352941 
226876.470588 
227170.588235 
227464.705882 
227758.823529 
228052.941176 
228347.058824 
228641.176471 
228935.294118 
229229.411765 
229523.529412 
229817.647059 
230111.764706 
230405.882353 
230700.000000 
230994.117647 
231288.235294 
231582.352941 
231876.470588 
232170.588235 
232464.705882 
232758.823529 
233052.941176 
233347.058824 
233641.176471 
233935.294118 
234229.411765 
234523.529412 
234817.647059 
235111.764706 
235405.882353 
235700.000000 
235994.117647 
236288.235294 
236582.352941 
236876.470588 
237170.588235 
237464.705882 
237758.823529 
238052.941176 
238347.058824 
238641.176471 
238935.294118 
239229.411765 
239523.529412 
239817.647059 
240111.764706 
240405.882353 
240700.000000 
240994.117647 
241288.235294 
241582.352941 
241876.470588 
242170.588235 
242464.705882 
242758.823529 
243052.941176 
243347.058824 
243641.176471 
243935.294118 
244229.411765 
244523.529412 
244817.647059 
245111.764706 
245405.882353 
245700.000000 
245994.117647 
246288.235294 
246582.352941 
246876.470588 
247170.588235 
247464.705882 
247758.823529 
248052.941176 
248347.058824 
248641.176471 
248935.294118 
249229.411765 
249523.529412 
249817.647059 
250111.764706 
250405.882353 
250700.000000 
250994.117647 
251288.235294 
251582.352941 
251876.470588 
252170.588235 
252464.705882 
252758.823529 
253052.941176 
253347.058824 
253641.176471 
253935.294118 
254229.411765 
254523.529412 
254817.647059 
255111.764706 
255405.882353 
255700.000000 
255994.117647 
256288.235294 
256582.352941 
256876.470588 
257170.588235 
257464.705882 
257758.823529 
258052.941176 
258347.058824 
258641.176471 
258935.294118 
259229.411765 
259523.529412 
259817.647059 
260111.764706 
260405.882353 
260700.000000 
260994.117647 
261288.235294 
261582.352941 
261876.470588 
262170.588235 
262464.705882 
262758.823529 
263052.941176 
263347.058824 
263641.176471 
263935.294118 
264229.411765 
264523.529412 
264817.647059 
265111.764706 
265405.882353 
265700.000000 
265994.117647 
266288.235294 
266582.352941 
266876.470588 
267170.588235 
267464.705882 
267758.823529 
268052.941176 
268347.058824 
268641.176471 
268935.294118 
269229.411765 
269523.529412 
269817.647059 
270111.764706 
270405.882353 
270700.000000 
270994.117647 
271288.235294 
271582.352941 
271876.470588 
272170.588235 
272464.705882 
272758.823529 
273052.941176 
273347.058824 
273641.176471 
273935.294118 
274229.411765 
274523.529412 
274817.647059 
275111.764706 
275405.882353 
275700.000000 
275994.117647 
276288.235294 
276582.352941 
276876.470588 
277170.588235 
277464.705882 
277758.823529 
278052.941176 
278347.058824 
278641.176471 
278935.294118 
279229.411765 
279523.529412 
279817.647059 
280111.764706 
280405.882353 
280700.000000 
281000.000000 
281300.000000 
281600.000000 
281900.000000 
281900.000000 
281900.000000 
281900.000000 
281900.000000 
281900.000000 
281900.000000 
281900.000000 
281900.000000 
281900.000000 
281900.000000 
281900.000000 
281900.000000 
281900.000000 
281900.000000 
281900.000000 
281900.000000 
281900.000000 
281900.000000 
281900.000000 
281900.000000 
281900.000000 
281900.000000 
281900.000000 
281900.000000 
281900.000000 
281900.000000 
281900.000000 
281900.000000 
281900.000000 
281900.000000 
281900.000000 
281900.000000 
281900.000000 
281900.000000 
281900.000000 
281900.000000 
281900.000000 
281900.000000 
281900.000000 
281900.000000 
281900.000000 
281900.000000 
281900.000000 
281900.000000 
281900.000000 
281900.000000 
281900.000000 
281900.000000 
281900.000000 
281900.000000 
281900.000000 
281900.000000 
281900.000000 
281900.000000 
281900.000000 
281900.000000 
281900.000000 
281900.000000 
281900.000000 
281900.000000 
281900.000000 
281900.000000 
281900.000000 
281900.000000 
281900.000000 
281900.000000 
281900.000000 
281900.000000 
281900.000000 
281900.000000 
281900.000000 
281900.000000 
281900.000000 
281900.000000 
281900.000000 
281900.000000 
281900.000000 
281900.000000 
281900.000000 
281900.000000 
281900.000000 
281900.000000 
281900.000000 
281900.000000 
281900.000000 
281900.000000 
281900.000000 
281900.000000 
281900.000000 
281900.000000 
281900.000000 
281900.000000 
281900.000000 
281900.000000 
281900.000000 
281900.000000 
281900.000000 
281900.000000 
281900.000000 
281900.000000 
281900.000000 
281900.000000 
281900.000000 
281900.000000 
281900.000000 
281900.000000 
281900.000000 
281900.000000 
281900.000000 
281900.000000 
281900.000000 
281900.000000 
281900.000000 
281900.000000 
281900.000000 
281900.000000 
281900.000000 
281900.000000 
281900.000000 
281900.000000 
281900.000000 
281900.000000 
281900.000000 
281900.000000 
281900.000000 
281900.000000 
281900.000000 
281900.000000 
281900.000000 
281900.000000 
281900.000000 
281900.000000 
281900.000000 
281900.000000 
281900.000000 
281900.000000 
281900.000000 
281900.000000 
281900.000000 
281900.000000 
281900.000000 
281900.000000 
281900.000000 
281900.000000 
281900.000000 
281900.000000 
281900.000000 
281900.000000 
281900.000000 
281900.000000 
281900.000000 
281900.000000 
281900.000000 
281900.000000 
281900.000000 
281900.000000 
281900.000000 
281900.000000 
281900.000000 
281900.000000 
281900.000000 
281900.000000 
281900.000000 
281900.000000 
281900.000000 
281900.000000 
281900.000000 
281900.000000 
281900.000000 
281900.000000 
281900.000000 
281900.000000 
281900.000000 
281900.000000 
281900.000000 
281900.000000 
281900.000000 
281900.000000 
281900.000000 
281900.000000 
281900.000000 
281900.000000 
281900.000000 
281900.000000 
281900.000000 
281900.000000 
281900.000000 
281900.000000 
281900.000000 
281900.000000 
281900.000000 
281900.000000 
281900.000000 
281900.000000 
281900.000000 
281900.000000 
281900.000000 
281900.000000 
281900.000000 
281900.000000 
281900.000000 
281900.000000 
281900.000000 
281900.000000 
281900.000000 
281900.000000 
281900.000000 
281900.000000 
281900.000000 
281900.000000 
281900.000000 
281900.000000 
281900.000000 
281900.000000 
281900.000000 
281900.000000 
281900.000000 
281900.000000 
281900.000000 
281900.000000 
281900.000000 
281900.000000 
281900.000000 
281900.000000 
281900.000000 
281900.000000 
281900.000000 
281900.000000 
281900.000000 
281900.000000 
281900.000000 
281900.000000 
281900.000000 
281900.000000 
281900.000000 
281900.000000 
281900.000000 
281900.000000 
281900.000000 
281900.000000 
281900.000000 
281900.000000 
281900.000000 
281900.000000 
281900.000000 
281900.000000 
281900.000000 
281900.000000 
281900.000000 
281900.000000 
281900.000000 
281900.000000 
281900.000000 
281900.000000 
281900.000000 
281900.000000 
281900.000000 
281900.000000 
281900.000000 
281900.000000 
281900.000000 
281900.000000 
281900.000000 
281900.000000 
281900.000000 
281900.000000 
281900.000000 
281900.000000 
281900.000000 
281900.000000 
281900.000000 
281900.000000 
281900.000000 
281900.000000 
281900.000000 
281900.000000 
281900.000000 
281900.000000 
281900.000000 
281900.000000 
281900.000000 
281900.000000 
281900.000000 
281900.000000 
281900.000000 
281900.000000 
281900.000000 
281900.000000 
281900.000000 
281900.000000 
281900.000000 
281900.000000 
281900.000000 
281900.000000 
281900.000000 
281900.000000 
281900.000000 
281900.000000 
281900.000000 
281900.000000 
281900.000000 
281900.000000 
281900.000000 
281900.000000 
281900.000000 
281900.000000 
281900.000000 
281900.000000 
281900.000000 
281900.000000 
281900.000000 
281900.000000 
281900.000000 
281900.000000 
281900.000000 
281900.000000 
281900.000000 
281900.000000 
281900.000000 
281900.000000 
281900.000000 
281900.000000 
281900.000000 
281900.000000 
281900.000000 
281900.000000 
281900.000000 
281900.000000 
281900.000000 
281900.000000 
281900.000000 
281900.000000 
281900.000000 
281900.000000 
281900.000000 
281900.000000 
281900.000000 
281900.000000 
281900.000000 
281900.000000 
281900.000000 
281900.000000 
281900.000000 
281900.000000 
281900.000000 
281900.000000 
281900.000000 
281900.000000 
281900.000000 
281900.000000 
281900.000000 
281900.000000 
281900.000000 
281900.000000 
281900.000000 
281900.000000 
281900.000000 
281900.000000 
281900.000000 
281900.000000 
281900.000000 
281900.000000 
281900.000000 
281900.000000 
281900.000000 
281900.000000 
281900.000000 
281900.000000 
281900.000000 
281900.000000 
281900.000000 
281900.000000 
281900.000000 
281900.000000 
281900.000000 
281900.000000 
281900.000000 
281900.000000 
281900.000000 
281900.000000 
281900.000000 
281900.000000 
281900.000000 
281900.000000 
281900.000000 
281900.000000 
281900.000000 
281900.000000 
281900.000000 
281900.000000 
281900.000000 
281900.000000 
281900.000000 
281900.000000 
281900.000000 
281900.000000 
281900.000000 
281900.000000 
281900.000000 
281900.000000 
281900.000000 
281900.000000 
281900.000000 
281900.000000 
281900.000000 
281900.000000 
281900.000000 
281900.000000 
281900.000000 
281900.000000 
281900.000000 
281900.000000 
281900.000000 
281900.000000 
281900.000000 
281900.000000 
281900.000000 
281900.000000 
281900.000000 
281900.000000 
281900.000000 
281900.000000 
281900.000000 
281900.000000 
281900.000000 
281900.000000 
281900.000000 
281900.000000 
281900.000000 
281900.000000 
281900.000000 
281900.000000 
281900.000000 
281900.000000 
281900.000000 
281900.000000 
281900.000000 
281900.000000 
281900.000000 
281900.000000 
281900.000000 
281900.000000 
281900.000000 
281900.000000 
281900.000000 
281900.000000 
281900.000000 
281900.000000 
281900.000000 
281900.000000 
281900.000000 
281900.000000 
281900.000000 
281900.000000 
281900.000000 
281900.000000 
281900.000000 
281900.000000 
281900.000000 
281900.000000 
281900.000000 
281900.000000 
281900.000000 
281900.000000 
281900.000000 
281900.000000 
281900.000000 
281900.000000 
281900.000000 
281900.000000 
281900.000000 
281900.000000 
281900.000000 
281900.000000 
281900.000000 
281900.000000 
281900.000000 
281900.000000 
281900.000000 
281900.000000 
281900.000000 
281900.000000 
281900.000000 
281900.000000 
281900.000000 
281900.000000 
281900.000000 
281900.000000 
281900.000000 
281900.000000 
281900.000000 
281900.000000 
281900.000000 
281900.000000 
281900.000000 
281900.000000 
281900.000000 
281900.000000 
281900.000000 
281900.000000 
281900.000000 
281900.000000 
281900.000000 
281900.000000 
281900.000000 
281900.000000 
281900.000000 
281900.000000 
281900.000000 
281900.000000 
281900.000000 
281900.000000 
281900.000000 
281900.000000 
281900.000000 
281900.000000 
281900.000000 
281900.000000 
281900.000000 
281900.000000 
281900.000000 
281900.000000 
281900.000000 
281900.000000 
281900.000000 
281900.000000 
281900.000000 
281900.000000 
281900.000000 
281900.000000 
281900.000000 
281900.000000 
281900.000000 
281900.000000 
281900.000000 
281900.000000 
281900.000000 
281900.000000 
281900.000000 
281900.000000 
281900.000000 
281900.000000 
281900.000000 
281900.000000 
281900.000000 
281900.000000 
281900.000000 
281900.000000 
281900.000000 
281900.000000 
281900.000000 
281900.000000 
281900.000000 
281900.000000 
281900.000000 
281900.000000 
281900.000000 
281900.000000 
281900.000000 
281900.000000 
281900.000000 
281900.000000 
281900.000000 
281900.000000 
281900.000000 
281900.000000 
281900.000000 
281900.000000 
281900.000000 
281900.000000 
281900.000000 
281900.000000 
281900.000000 
281900.000000 
281900.000000 
281900.000000 
281900.000000 
281900.000000 
281900.000000 
281900.000000 
281900.000000 
281900.000000 
281900.000000 
281900.000000 
281900.000000 
281900.000000 
281900.000000 
281900.000000 
281900.000000 
281900.000000 
281900.000000 
281900.000000 
281900.000000 
281900.000000 
281900.000000 
281900.000000 
281900.000000 
281900.000000 
281900.000000 
281900.000000 
281900.000000 
281900.000000 
281900.000000 
281900.000000 
281900.000000 
281900.000000 
281900.000000 
281900.000000 
281900.000000 
281900.000000 
281900.000000 
281900.000000 
281900.000000 
281900.000000 
281900.000000 
281900.000000 
281900.000000 
281900.000000 
281900.000000 
281900.000000 
281900.000000 
281900.000000 
281900.000000 
281900.000000 
281900.000000 
281900.000000 
281900.000000 
281900.000000 
281900.000000 
281900.000000 
281900.000000 
281900.000000 
281900.000000 
281900.000000 
281900.000000 
281900.000000 
281900.000000 
281900.000000 
281900.000000 
281900.000000 
281900.000000 
281900.000000 
281900.000000 
281900.000000 
281900.000000 
281900.000000 
281900.000000 
281900.000000 
281900.000000 
281900.000000 
281900.000000 
281900.000000 
281900.000000 
281900.000000 
281900.000000 
281900.000000 
281900.000000 
281900.000000 
281900.000000 
281900.000000 
281900.000000 
281900.000000 
281900.000000 
281900.000000 
281900.000000 
281900.000000 
281900.000000 
281900.000000 
281900.000000 
281900.000000 
281900.000000 
281900.000000 
281900.000000 
281900.000000 
281900.000000 
281900.000000 
281900.000000 
281900.000000 
281900.000000 
281900.000000 
281900.000000 
281900.000000 
281900.000000 
281900.000000 
281900.000000 
281900.000000 
281900.000000 
281900.000000 
281900.000000 
281900.000000 
281900.000000 
281900.000000 
281900.000000 
281900.000000 
281900.000000 
281900.000000 
281900.000000 
281900.000000 
281900.000000 
281900.000000 
281900.000000 
281900.000000 
281900.000000 
281900.000000 
281900.000000 
281900.000000 
281900.000000 
281900.000000 
281900.000000 
281900.000000 
281900.000000 
281900.000000 
281900.000000 
281900.000000 
281900.000000 
281900.000000 
281900.000000 
281900.000000 
281900.000000 
281900.000000 
281900.000000 
281900.000000 
281900.000000 
281900.000000 
281900.000000 
281900.000000 
281900.000000 
281900.000000 
281900.000000 
281900.000000 
281900.000000 
281900.000000 
281900.000000 
281900.000000 
281900.000000 
281900.000000 
281900.000000 
281900.000000 
281900.000000 
281900.000000 
281900.000000 
281900.000000 
281900.000000 
281900.000000 
281900.000000 
281900.000000 
281900.000000 
281900.000000 
281900.000000 
281900.000000 
281900.000000 
281900.000000 
281900.000000 
281900.000000 
281900.000000 
281900.000000 
281900.000000 
281900.000000 
281900.000000 
281900.000000 
281900.000000 
281900.000000 
281900.000000 
281900.000000 
281900.000000 
281900.000000 
281900.000000 
281900.000000 
281900.000000 
281900.000000 
281900.000000 
281900.000000 
281900.000000 
281900.000000 
281900.000000 
281900.000000 
281900.000000 
281900.000000 
281900.000000 
281900.000000 
281900.000000 
281900.000000 
281900.000000 
281900.000000 
281900.000000 
281900.000000 
281900.000000 
281900.000000 
281900.000000 
281900.000000 
281900.000000 
281900.000000 
281900.000000 
281900.000000 
281900.000000 
281900.000000 
281900.000000 
281900.000000 
281900.000000 
281900.000000 
281900.000000 
281900.000000 
281900.000000 
281900.000000 
281900.000000 
281900.000000 
281900.000000 
281900.000000 
281900.000000 
281900.000000 
281900.000000 
281900.000000 
281900.000000 
281900.000000 
281900.000000 
281900.000000 
281900.000000 
281900.000000 
281900.000000 
281900.000000 
281900.000000 
281900.000000 
281900.000000 
281900.000000 
281900.000000 
281900.000000 
281900.000000 
281900.000000 
281900.000000 
281900.000000 
281900.000000 
281900.000000 
281900.000000 
281900.000000 
281900.000000 
281900.000000 
281900.000000 
281900.000000 
281900.000000 
281900.000000 
281900.000000 
281900.000000 
281900.000000 
281900.000000 
281900.000000 
281900.000000 
281900.000000 
281900.000000 
281900.000000 
281900.000000 
281900.000000 
281900.000000 
281900.000000 
281900.000000 
281900.000000 
281900.000000 
281900.000000 
281900.000000 
281900.000000 
281900.000000 
281900.000000 
281900.000000 
281900.000000 
281900.000000 
281900.000000 
281900.000000 
281900.000000 
281900.000000 
281900.000000 
281900.000000 
281900.000000 
281900.000000 
281900.000000 
281900.000000 
281900.000000 
281900.000000 
281900.000000 
281900.000000 
281900.000000 
281900.000000 
281900.000000 
281900.000000 
281900.000000 
281900.000000 
281900.000000 
281900.000000 
281900.000000 
281900.000000 
281900.000000 
281900.000000 
281900.000000 
281900.000000 
281900.000000 
281900.000000 
281900.000000 
281900.000000 
281900.000000 
281900.000000 
281900.000000 
281900.000000 
281900.000000 
281900.000000 
281900.000000 
281900.000000 
281900.000000 
281900.000000 
281900.000000 
281900.000000 
281900.000000 
281900.000000 
281900.000000 
281900.000000 
281900.000000 
281900.000000 
281900.000000 
281900.000000 
281900.000000 
281900.000000 
281900.000000 
281900.000000 
281900.000000 
281900.000000 
281900.000000 
281900.000000 
281900.000000 
281900.000000 
281900.000000 
281900.000000 
281900.000000 
281900.000000 
281900.000000 
281900.000000 
281900.000000 
281900.000000 
281900.000000 
281900.000000 
281900.000000 
281900.000000 
281900.000000 
281900.000000 
281900.000000 
281900.000000 
281900.000000 
281900.000000 
281900.000000 
281900.000000 
281900.000000 
281900.000000 
281900.000000 
281900.000000 
281900.000000 
281900.000000 
281900.000000 
281900.000000 
281900.000000 
281900.000000 
281900.000000 
281900.000000 
281900.000000 
281900.000000 
281900.000000 
281900.000000 
281900.000000 
281900.000000 
281900.000000 
281900.000000 
281900.000000 
281900.000000 
281900.000000 
281900.000000 
281900.000000 
281900.000000 
281900.000000 
281900.000000 
281900.000000 
281900.000000 
281900.000000 
281900.000000 
281900.000000 
281900.000000 
281900.000000 
281900.000000 
281900.000000 
281900.000000 
281900.000000 
281900.000000 
281900.000000 
281900.000000 
281900.000000 
281900.000000 
281900.000000 
281900.000000 
281900.000000 
281900.000000 
281900.000000 
281900.000000 
281900.000000 
281900.000000 
281900.000000 
281900.000000 
281900.000000 
281900.000000 
281900.000000 
281900.000000 
281900.000000 
281900.000000 
281900.000000 
281900.000000 
281900.000000 
281900.000000 
281900.000000 
281900.000000 
281900.000000 
281900.000000 
281900.000000 
