20900.000000 
20900.000000 
21100.000000 
21300.000000 
21500.000000 
21700.000000 
21900.000000 
22100.000000 
22300.000000 
22500.000000 
22700.000000 
22900.000000 
23100.000000 
23300.000000 
23500.000000 
23700.000000 
23900.000000 
24100.000000 
24300.000000 
24500.000000 
24700.000000 
24900.000000 
25100.000000 
25300.000000 
25500.000000 
25700.000000 
25900.000000 
26100.000000 
26300.000000 
26500.000000 
26700.000000 
26900.000000 
27100.000000 
27300.000000 
27500.000000 
27700.000000 
27900.000000 
28100.000000 
28300.000000 
28500.000000 
28700.000000 
28900.000000 
29100.000000 
29300.000000 
29500.000000 
29700.000000 
29900.000000 
30100.000000 
30300.000000 
30500.000000 
30700.000000 
30900.000000 
31100.000000 
31300.000000 
31500.000000 
31700.000000 
31900.000000 
32100.000000 
32300.000000 
32500.000000 
32700.000000 
32900.000000 
33100.000000 
33300.000000 
33500.000000 
33700.000000 
33900.000000 
34100.000000 
34300.000000 
34500.000000 
34700.000000 
34900.000000 
35100.000000 
35300.000000 
35500.000000 
35700.000000 
35900.000000 
36100.000000 
36300.000000 
36500.000000 
36700.000000 
36900.000000 
37100.000000 
37300.000000 
37500.000000 
37700.000000 
37900.000000 
38100.000000 
38300.000000 
38500.000000 
38700.000000 
38900.000000 
39100.000000 
39300.000000 
39500.000000 
39700.000000 
39900.000000 
40100.000000 
40300.000000 
40500.000000 
40700.000000 
40900.000000 
41100.000000 
41300.000000 
41500.000000 
41700.000000 
41900.000000 
42100.000000 
42300.000000 
42500.000000 
42700.000000 
42900.000000 
43100.000000 
43300.000000 
43500.000000 
43700.000000 
43900.000000 
44100.000000 
44300.000000 
44500.000000 
44700.000000 
44900.000000 
45100.000000 
45300.000000 
45500.000000 
45700.000000 
45900.000000 
46100.000000 
46300.000000 
46500.000000 
46700.000000 
46900.000000 
47100.000000 
47300.000000 
47500.000000 
47700.000000 
47900.000000 
48100.000000 
48300.000000 
48500.000000 
48700.000000 
48900.000000 
49100.000000 
49300.000000 
49500.000000 
49700.000000 
49900.000000 
50100.000000 
50300.000000 
50500.000000 
50700.000000 
50900.000000 
51100.000000 
51300.000000 
51500.000000 
51700.000000 
51900.000000 
52100.000000 
52300.000000 
52500.000000 
52700.000000 
52900.000000 
53100.000000 
53300.000000 
53500.000000 
53700.000000 
53900.000000 
54100.000000 
54300.000000 
54500.000000 
54700.000000 
54900.000000 
55100.000000 
55300.000000 
55500.000000 
55700.000000 
55900.000000 
56100.000000 
56300.000000 
56500.000000 
56700.000000 
56900.000000 
57100.000000 
57300.000000 
57500.000000 
57700.000000 
57900.000000 
58100.000000 
58300.000000 
58500.000000 
58700.000000 
58900.000000 
59100.000000 
59300.000000 
59500.000000 
59700.000000 
59900.000000 
60100.000000 
60300.000000 
60500.000000 
60700.000000 
60900.000000 
61100.000000 
61300.000000 
61500.000000 
61700.000000 
61900.000000 
62100.000000 
62300.000000 
62500.000000 
62700.000000 
62900.000000 
63100.000000 
63300.000000 
63500.000000 
63700.000000 
63900.000000 
64100.000000 
64300.000000 
64500.000000 
64700.000000 
64900.000000 
65100.000000 
65300.000000 
65500.000000 
65700.000000 
65900.000000 
66100.000000 
66300.000000 
66500.000000 
66700.000000 
66900.000000 
67100.000000 
67300.000000 
67500.000000 
67700.000000 
67900.000000 
68100.000000 
68300.000000 
68500.000000 
68700.000000 
68900.000000 
69100.000000 
69300.000000 
69500.000000 
69700.000000 
69900.000000 
70100.000000 
70300.000000 
70500.000000 
70700.000000 
70900.000000 
71100.000000 
71300.000000 
71500.000000 
71700.000000 
71900.000000 
72100.000000 
72300.000000 
72500.000000 
72700.000000 
72900.000000 
73100.000000 
73300.000000 
73500.000000 
73700.000000 
73900.000000 
74100.000000 
74300.000000 
74500.000000 
74700.000000 
74900.000000 
75100.000000 
75300.000000 
75500.000000 
75700.000000 
75900.000000 
76100.000000 
76300.000000 
76500.000000 
76700.000000 
76900.000000 
77100.000000 
77300.000000 
77500.000000 
77700.000000 
77900.000000 
78100.000000 
78300.000000 
78500.000000 
78700.000000 
78900.000000 
79100.000000 
79300.000000 
79500.000000 
79700.000000 
79900.000000 
80100.000000 
80300.000000 
80500.000000 
80700.000000 
80963.157895 
81226.315789 
81489.473684 
81752.631579 
82015.789474 
82278.947368 
82542.105263 
82805.263158 
83068.421053 
83331.578947 
83594.736842 
83857.894737 
84121.052632 
84384.210526 
84647.368421 
84910.526316 
85173.684211 
85436.842105 
85700.000000 
85963.157895 
86226.315789 
86489.473684 
86752.631579 
87015.789474 
87278.947368 
87542.105263 
87805.263158 
88068.421053 
88331.578947 
88594.736842 
88857.894737 
89121.052632 
89384.210526 
89647.368421 
89910.526316 
90173.684211 
90436.842105 
90700.000000 
90963.157895 
91226.315789 
91489.473684 
91752.631579 
92015.789474 
92278.947368 
92542.105263 
92805.263158 
93068.421053 
93331.578947 
93594.736842 
93857.894737 
94121.052632 
94384.210526 
94647.368421 
94910.526316 
95173.684211 
95436.842105 
95700.000000 
95963.157895 
96226.315789 
96489.473684 
96752.631579 
97015.789474 
97278.947368 
97542.105263 
97805.263158 
98068.421053 
98331.578947 
98594.736842 
98857.894737 
99121.052632 
99384.210526 
99647.368421 
99910.526316 
100173.684211 
100436.842105 
100700.000000 
100963.157895 
101226.315789 
101489.473684 
101752.631579 
102015.789474 
102278.947368 
102542.105263 
102805.263158 
103068.421053 
103331.578947 
103594.736842 
103857.894737 
104121.052632 
104384.210526 
104647.368421 
104910.526316 
105173.684211 
105436.842105 
105700.000000 
105963.157895 
106226.315789 
106489.473684 
106752.631579 
107015.789474 
107278.947368 
107542.105263 
107805.263158 
108068.421053 
108331.578947 
108594.736842 
108857.894737 
109121.052632 
109384.210526 
109647.368421 
109910.526316 
110173.684211 
110436.842105 
110700.000000 
110963.157895 
111226.315789 
111489.473684 
111752.631579 
112015.789474 
112278.947368 
112542.105263 
112805.263158 
113068.421053 
113331.578947 
113594.736842 
113857.894737 
114121.052632 
114384.210526 
114647.368421 
114910.526316 
115173.684211 
115436.842105 
115700.000000 
115963.157895 
116226.315789 
116489.473684 
116752.631579 
117015.789474 
117278.947368 
117542.105263 
117805.263158 
118068.421053 
118331.578947 
118594.736842 
118857.894737 
119121.052632 
119384.210526 
119647.368421 
119910.526316 
120173.684211 
120436.842105 
120700.000000 
120963.157895 
121226.315789 
121489.473684 
121752.631579 
122015.789474 
122278.947368 
122542.105263 
122805.263158 
123068.421053 
123331.578947 
123594.736842 
123857.894737 
124121.052632 
124384.210526 
124647.368421 
124910.526316 
125173.684211 
125436.842105 
125700.000000 
125963.157895 
126226.315789 
126489.473684 
126752.631579 
127015.789474 
127278.947368 
127542.105263 
127805.263158 
128068.421053 
128331.578947 
128594.736842 
128857.894737 
129121.052632 
129384.210526 
129647.368421 
129910.526316 
130173.684211 
130436.842105 
130700.000000 
130963.157895 
131226.315789 
131489.473684 
131752.631579 
132015.789474 
132278.947368 
132542.105263 
132805.263158 
133068.421053 
133331.578947 
133594.736842 
133857.894737 
134121.052632 
134384.210526 
134647.368421 
134910.526316 
135173.684211 
135436.842105 
135700.000000 
135963.157895 
136226.315789 
136489.473684 
136752.631579 
137015.789474 
137278.947368 
137542.105263 
137805.263158 
138068.421053 
138331.578947 
138594.736842 
138857.894737 
139121.052632 
139384.210526 
139647.368421 
139910.526316 
140173.684211 
140436.842105 
140700.000000 
140963.157895 
141226.315789 
141489.473684 
141752.631579 
142015.789474 
142278.947368 
142542.105263 
142805.263158 
143068.421053 
143331.578947 
143594.736842 
143857.894737 
144121.052632 
144384.210526 
144647.368421 
144910.526316 
145173.684211 
145436.842105 
145700.000000 
145963.157895 
146226.315789 
146489.473684 
146752.631579 
147015.789474 
147278.947368 
147542.105263 
147805.263158 
148068.421053 
148331.578947 
148594.736842 
148857.894737 
149121.052632 
149384.210526 
149647.368421 
149910.526316 
150173.684211 
150436.842105 
150700.000000 
150963.157895 
151226.315789 
151489.473684 
151752.631579 
152015.789474 
152278.947368 
152542.105263 
152805.263158 
153068.421053 
153331.578947 
153594.736842 
153857.894737 
154121.052632 
154384.210526 
154647.368421 
154910.526316 
155173.684211 
155436.842105 
155700.000000 
155963.157895 
156226.315789 
156489.473684 
156752.631579 
157015.789474 
157278.947368 
157542.105263 
157805.263158 
158068.421053 
158331.578947 
158594.736842 
158857.894737 
159121.052632 
159384.210526 
159647.368421 
159910.526316 
160173.684211 
160436.842105 
160700.000000 
160963.157895 
161226.315789 
161489.473684 
161752.631579 
162015.789474 
162278.947368 
162542.105263 
162805.263158 
163068.421053 
163331.578947 
163594.736842 
163857.894737 
164121.052632 
164384.210526 
164647.368421 
164910.526316 
165173.684211 
165436.842105 
165700.000000 
165963.157895 
166226.315789 
166489.473684 
166752.631579 
167015.789474 
167278.947368 
167542.105263 
167805.263158 
168068.421053 
168331.578947 
168594.736842 
168857.894737 
169121.052632 
169384.210526 
169647.368421 
169910.526316 
170173.684211 
170436.842105 
170700.000000 
170963.157895 
171226.315789 
171489.473684 
171752.631579 
172015.789474 
172278.947368 
172542.105263 
172805.263158 
173068.421053 
173331.578947 
173594.736842 
173857.894737 
174121.052632 
174384.210526 
174647.368421 
174910.526316 
175173.684211 
175436.842105 
175700.000000 
175963.157895 
176226.315789 
176489.473684 
176752.631579 
177015.789474 
177278.947368 
177542.105263 
177805.263158 
178068.421053 
178331.578947 
178594.736842 
178857.894737 
179121.052632 
179384.210526 
179647.368421 
179910.526316 
180173.684211 
180436.842105 
180700.000000 
180963.157895 
181226.315789 
181489.473684 
181752.631579 
182015.789474 
182278.947368 
182542.105263 
182805.263158 
183068.421053 
183331.578947 
183594.736842 
183857.894737 
184121.052632 
184384.210526 
184647.368421 
184910.526316 
185173.684211 
185436.842105 
185700.000000 
185963.157895 
186226.315789 
186489.473684 
186752.631579 
187015.789474 
187278.947368 
187542.105263 
187805.263158 
188068.421053 
188331.578947 
188594.736842 
188857.894737 
189121.052632 
189384.210526 
189647.368421 
189910.526316 
190173.684211 
190436.842105 
190700.000000 
190963.157895 
191226.315789 
191489.473684 
191752.631579 
192015.789474 
192278.947368 
192542.105263 
192805.263158 
193068.421053 
193331.578947 
193594.736842 
193857.894737 
194121.052632 
194384.210526 
194647.368421 
194910.526316 
195173.684211 
195436.842105 
195700.000000 
195963.157895 
196226.315789 
196489.473684 
196752.631579 
197015.789474 
197278.947368 
197542.105263 
197805.263158 
198068.421053 
198331.578947 
198594.736842 
198857.894737 
199121.052632 
199384.210526 
199647.368421 
199910.526316 
200173.684211 
200436.842105 
200700.000000 
200963.157895 
201226.315789 
201489.473684 
201752.631579 
202015.789474 
202278.947368 
202542.105263 
202805.263158 
203068.421053 
203331.578947 
203594.736842 
203857.894737 
204121.052632 
204384.210526 
204647.368421 
204910.526316 
205173.684211 
205436.842105 
205700.000000 
205963.157895 
206226.315789 
206489.473684 
206752.631579 
207015.789474 
207278.947368 
207542.105263 
207805.263158 
208068.421053 
208331.578947 
208594.736842 
208857.894737 
209121.052632 
209384.210526 
209647.368421 
209910.526316 
210173.684211 
210436.842105 
210700.000000 
210963.157895 
211226.315789 
211489.473684 
211752.631579 
212015.789474 
212278.947368 
212542.105263 
212805.263158 
213068.421053 
213331.578947 
213594.736842 
213857.894737 
214121.052632 
214384.210526 
214647.368421 
214910.526316 
215173.684211 
215436.842105 
215700.000000 
215963.157895 
216226.315789 
216489.473684 
216752.631579 
217015.789474 
217278.947368 
217542.105263 
217805.263158 
218068.421053 
218331.578947 
218594.736842 
218857.894737 
219121.052632 
219384.210526 
219647.368421 
219910.526316 
220173.684211 
220436.842105 
220700.000000 
220963.157895 
221226.315789 
221489.473684 
221752.631579 
222015.789474 
222278.947368 
222542.105263 
222805.263158 
223068.421053 
223331.578947 
223594.736842 
223857.894737 
224121.052632 
224384.210526 
224647.368421 
224910.526316 
225173.684211 
225436.842105 
225700.000000 
225963.157895 
226226.315789 
226489.473684 
226752.631579 
227015.789474 
227278.947368 
227542.105263 
227805.263158 
228068.421053 
228331.578947 
228594.736842 
228857.894737 
229121.052632 
229384.210526 
229647.368421 
229910.526316 
230173.684211 
230436.842105 
230700.000000 
230963.157895 
231226.315789 
231489.473684 
231752.631579 
232015.789474 
232278.947368 
232542.105263 
232805.263158 
233068.421053 
233331.578947 
233594.736842 
233857.894737 
234121.052632 
234384.210526 
234647.368421 
234910.526316 
235173.684211 
235436.842105 
235700.000000 
235963.157895 
236226.315789 
236489.473684 
236752.631579 
237015.789474 
237278.947368 
237542.105263 
237805.263158 
238068.421053 
238331.578947 
238594.736842 
238857.894737 
239121.052632 
239384.210526 
239647.368421 
239910.526316 
240173.684211 
240436.842105 
240700.000000 
240963.157895 
241226.315789 
241489.473684 
241752.631579 
242015.789474 
242278.947368 
242542.105263 
242805.263158 
243068.421053 
243331.578947 
243594.736842 
243857.894737 
244121.052632 
244384.210526 
244647.368421 
244910.526316 
245173.684211 
245436.842105 
245700.000000 
245963.157895 
246226.315789 
246489.473684 
246752.631579 
247015.789474 
247278.947368 
247542.105263 
247805.263158 
248068.421053 
248331.578947 
248594.736842 
248857.894737 
249121.052632 
249384.210526 
249647.368421 
249910.526316 
250173.684211 
250436.842105 
250700.000000 
250963.157895 
251226.315789 
251489.473684 
251752.631579 
252015.789474 
252278.947368 
252542.105263 
252805.263158 
253068.421053 
253331.578947 
253594.736842 
253857.894737 
254121.052632 
254384.210526 
254647.368421 
254910.526316 
255173.684211 
255436.842105 
255700.000000 
255963.157895 
256226.315789 
256489.473684 
256752.631579 
257015.789474 
257278.947368 
257542.105263 
257805.263158 
258068.421053 
258331.578947 
258594.736842 
258857.894737 
259121.052632 
259384.210526 
259647.368421 
259910.526316 
260173.684211 
260436.842105 
260700.000000 
260963.157895 
261226.315789 
261489.473684 
261752.631579 
262015.789474 
262278.947368 
262542.105263 
262805.263158 
263068.421053 
263331.578947 
263594.736842 
263857.894737 
264121.052632 
264384.210526 
264647.368421 
264910.526316 
265173.684211 
265436.842105 
265700.000000 
265963.157895 
266226.315789 
266489.473684 
266752.631579 
267015.789474 
267278.947368 
267542.105263 
267805.263158 
268068.421053 
268331.578947 
268594.736842 
268857.894737 
269121.052632 
269384.210526 
269647.368421 
269910.526316 
270173.684211 
270436.842105 
270700.000000 
270963.157895 
271226.315789 
271489.473684 
271752.631579 
272015.789474 
272278.947368 
272542.105263 
272805.263158 
273068.421053 
273331.578947 
273594.736842 
273857.894737 
274121.052632 
274384.210526 
274647.368421 
274910.526316 
275173.684211 
275436.842105 
275700.000000 
275963.157895 
276226.315789 
276489.473684 
276752.631579 
277015.789474 
277278.947368 
277542.105263 
277805.263158 
278068.421053 
278331.578947 
278594.736842 
278857.894737 
279121.052632 
279384.210526 
279647.368421 
279910.526316 
280173.684211 
280436.842105 
280700.000000 
281000.000000 
281300.000000 
281600.000000 
281900.000000 
281900.000000 
281900.000000 
281900.000000 
281900.000000 
281900.000000 
281900.000000 
281900.000000 
281900.000000 
281900.000000 
281900.000000 
281900.000000 
281900.000000 
281900.000000 
281900.000000 
281900.000000 
281900.000000 
281900.000000 
281900.000000 
281900.000000 
281900.000000 
281900.000000 
281900.000000 
281900.000000 
281900.000000 
281900.000000 
281900.000000 
281900.000000 
281900.000000 
281900.000000 
281900.000000 
281900.000000 
281900.000000 
281900.000000 
281900.000000 
281900.000000 
281900.000000 
281900.000000 
281900.000000 
281900.000000 
281900.000000 
281900.000000 
281900.000000 
281900.000000 
281900.000000 
281900.000000 
281900.000000 
281900.000000 
281900.000000 
281900.000000 
281900.000000 
281900.000000 
281900.000000 
281900.000000 
281900.000000 
281900.000000 
281900.000000 
281900.000000 
281900.000000 
281900.000000 
281900.000000 
281900.000000 
281900.000000 
281900.000000 
281900.000000 
281900.000000 
281900.000000 
281900.000000 
281900.000000 
281900.000000 
281900.000000 
281900.000000 
281900.000000 
281900.000000 
281900.000000 
281900.000000 
281900.000000 
281900.000000 
281900.000000 
281900.000000 
281900.000000 
281900.000000 
281900.000000 
281900.000000 
281900.000000 
281900.000000 
281900.000000 
281900.000000 
281900.000000 
281900.000000 
281900.000000 
281900.000000 
281900.000000 
281900.000000 
281900.000000 
281900.000000 
281900.000000 
281900.000000 
281900.000000 
281900.000000 
281900.000000 
281900.000000 
281900.000000 
281900.000000 
281900.000000 
281900.000000 
281900.000000 
281900.000000 
281900.000000 
281900.000000 
281900.000000 
281900.000000 
281900.000000 
281900.000000 
281900.000000 
281900.000000 
281900.000000 
281900.000000 
281900.000000 
281900.000000 
281900.000000 
281900.000000 
281900.000000 
281900.000000 
281900.000000 
281900.000000 
281900.000000 
281900.000000 
281900.000000 
281900.000000 
281900.000000 
281900.000000 
281900.000000 
281900.000000 
281900.000000 
281900.000000 
281900.000000 
281900.000000 
281900.000000 
281900.000000 
281900.000000 
281900.000000 
281900.000000 
281900.000000 
281900.000000 
281900.000000 
281900.000000 
281900.000000 
281900.000000 
281900.000000 
281900.000000 
281900.000000 
281900.000000 
281900.000000 
281900.000000 
281900.000000 
281900.000000 
281900.000000 
281900.000000 
281900.000000 
281900.000000 
281900.000000 
281900.000000 
281900.000000 
281900.000000 
281900.000000 
281900.000000 
281900.000000 
281900.000000 
281900.000000 
281900.000000 
281900.000000 
281900.000000 
281900.000000 
281900.000000 
281900.000000 
281900.000000 
281900.000000 
281900.000000 
281900.000000 
281900.000000 
281900.000000 
281900.000000 
281900.000000 
281900.000000 
281900.000000 
281900.000000 
281900.000000 
281900.000000 
281900.000000 
281900.000000 
281900.000000 
281900.000000 
281900.000000 
281900.000000 
281900.000000 
281900.000000 
281900.000000 
281900.000000 
281900.000000 
281900.000000 
281900.000000 
281900.000000 
281900.000000 
281900.000000 
281900.000000 
281900.000000 
281900.000000 
281900.000000 
281900.000000 
281900.000000 
281900.000000 
281900.000000 
281900.000000 
281900.000000 
281900.000000 
281900.000000 
281900.000000 
281900.000000 
281900.000000 
281900.000000 
281900.000000 
281900.000000 
281900.000000 
281900.000000 
281900.000000 
281900.000000 
281900.000000 
281900.000000 
281900.000000 
281900.000000 
281900.000000 
281900.000000 
281900.000000 
281900.000000 
281900.000000 
281900.000000 
281900.000000 
281900.000000 
281900.000000 
281900.000000 
281900.000000 
281900.000000 
281900.000000 
281900.000000 
281900.000000 
281900.000000 
281900.000000 
281900.000000 
281900.000000 
281900.000000 
281900.000000 
281900.000000 
281900.000000 
281900.000000 
281900.000000 
281900.000000 
281900.000000 
281900.000000 
281900.000000 
281900.000000 
281900.000000 
281900.000000 
281900.000000 
281900.000000 
281900.000000 
281900.000000 
281900.000000 
281900.000000 
281900.000000 
281900.000000 
281900.000000 
281900.000000 
281900.000000 
281900.000000 
281900.000000 
281900.000000 
281900.000000 
281900.000000 
281900.000000 
281900.000000 
281900.000000 
281900.000000 
281900.000000 
281900.000000 
281900.000000 
281900.000000 
281900.000000 
281900.000000 
281900.000000 
281900.000000 
281900.000000 
281900.000000 
281900.000000 
281900.000000 
281900.000000 
281900.000000 
281900.000000 
281900.000000 
281900.000000 
281900.000000 
281900.000000 
281900.000000 
281900.000000 
281900.000000 
281900.000000 
281900.000000 
281900.000000 
281900.000000 
281900.000000 
281900.000000 
281900.000000 
281900.000000 
281900.000000 
281900.000000 
281900.000000 
281900.000000 
281900.000000 
281900.000000 
281900.000000 
281900.000000 
281900.000000 
281900.000000 
281900.000000 
281900.000000 
281900.000000 
281900.000000 
281900.000000 
281900.000000 
281900.000000 
281900.000000 
281900.000000 
281900.000000 
281900.000000 
281900.000000 
281900.000000 
281900.000000 
281900.000000 
281900.000000 
281900.000000 
281900.000000 
281900.000000 
281900.000000 
281900.000000 
281900.000000 
281900.000000 
281900.000000 
281900.000000 
281900.000000 
281900.000000 
281900.000000 
281900.000000 
281900.000000 
281900.000000 
281900.000000 
281900.000000 
281900.000000 
281900.000000 
281900.000000 
281900.000000 
281900.000000 
281900.000000 
281900.000000 
281900.000000 
281900.000000 
281900.000000 
281900.000000 
281900.000000 
281900.000000 
281900.000000 
281900.000000 
281900.000000 
281900.000000 
281900.000000 
281900.000000 
281900.000000 
281900.000000 
281900.000000 
281900.000000 
281900.000000 
281900.000000 
281900.000000 
281900.000000 
281900.000000 
281900.000000 
281900.000000 
281900.000000 
281900.000000 
281900.000000 
281900.000000 
281900.000000 
281900.000000 
281900.000000 
281900.000000 
281900.000000 
281900.000000 
281900.000000 
281900.000000 
281900.000000 
281900.000000 
281900.000000 
281900.000000 
281900.000000 
281900.000000 
281900.000000 
281900.000000 
281900.000000 
281900.000000 
281900.000000 
281900.000000 
281900.000000 
281900.000000 
281900.000000 
281900.000000 
281900.000000 
281900.000000 
281900.000000 
281900.000000 
281900.000000 
281900.000000 
281900.000000 
281900.000000 
281900.000000 
281900.000000 
281900.000000 
281900.000000 
281900.000000 
281900.000000 
281900.000000 
281900.000000 
281900.000000 
281900.000000 
281900.000000 
281900.000000 
281900.000000 
281900.000000 
281900.000000 
281900.000000 
281900.000000 
281900.000000 
281900.000000 
281900.000000 
281900.000000 
281900.000000 
281900.000000 
281900.000000 
281900.000000 
281900.000000 
281900.000000 
281900.000000 
281900.000000 
281900.000000 
281900.000000 
281900.000000 
281900.000000 
281900.000000 
281900.000000 
281900.000000 
281900.000000 
281900.000000 
281900.000000 
281900.000000 
281900.000000 
281900.000000 
281900.000000 
281900.000000 
281900.000000 
281900.000000 
281900.000000 
281900.000000 
281900.000000 
281900.000000 
281900.000000 
281900.000000 
281900.000000 
281900.000000 
281900.000000 
281900.000000 
281900.000000 
281900.000000 
281900.000000 
281900.000000 
281900.000000 
281900.000000 
281900.000000 
281900.000000 
281900.000000 
281900.000000 
281900.000000 
281900.000000 
281900.000000 
281900.000000 
281900.000000 
281900.000000 
281900.000000 
281900.000000 
281900.000000 
281900.000000 
281900.000000 
281900.000000 
281900.000000 
281900.000000 
281900.000000 
281900.000000 
281900.000000 
281900.000000 
281900.000000 
281900.000000 
281900.000000 
281900.000000 
281900.000000 
281900.000000 
281900.000000 
281900.000000 
281900.000000 
281900.000000 
281900.000000 
281900.000000 
281900.000000 
281900.000000 
281900.000000 
281900.000000 
281900.000000 
281900.000000 
281900.000000 
281900.000000 
281900.000000 
281900.000000 
281900.000000 
281900.000000 
281900.000000 
281900.000000 
281900.000000 
281900.000000 
281900.000000 
281900.000000 
281900.000000 
281900.000000 
281900.000000 
281900.000000 
281900.000000 
281900.000000 
281900.000000 
281900.000000 
281900.000000 
281900.000000 
281900.000000 
281900.000000 
281900.000000 
281900.000000 
281900.000000 
281900.000000 
281900.000000 
281900.000000 
281900.000000 
281900.000000 
281900.000000 
281900.000000 
281900.000000 
281900.000000 
281900.000000 
281900.000000 
281900.000000 
281900.000000 
281900.000000 
281900.000000 
281900.000000 
281900.000000 
281900.000000 
281900.000000 
281900.000000 
281900.000000 
281900.000000 
281900.000000 
281900.000000 
281900.000000 
281900.000000 
281900.000000 
281900.000000 
281900.000000 
281900.000000 
281900.000000 
281900.000000 
281900.000000 
281900.000000 
281900.000000 
281900.000000 
281900.000000 
281900.000000 
281900.000000 
281900.000000 
281900.000000 
281900.000000 
281900.000000 
281900.000000 
281900.000000 
281900.000000 
281900.000000 
281900.000000 
281900.000000 
281900.000000 
281900.000000 
281900.000000 
281900.000000 
281900.000000 
281900.000000 
281900.000000 
281900.000000 
281900.000000 
281900.000000 
281900.000000 
281900.000000 
281900.000000 
281900.000000 
281900.000000 
281900.000000 
281900.000000 
281900.000000 
281900.000000 
281900.000000 
281900.000000 
281900.000000 
281900.000000 
281900.000000 
281900.000000 
281900.000000 
281900.000000 
281900.000000 
281900.000000 
281900.000000 
281900.000000 
281900.000000 
281900.000000 
281900.000000 
281900.000000 
281900.000000 
281900.000000 
281900.000000 
281900.000000 
281900.000000 
281900.000000 
281900.000000 
281900.000000 
281900.000000 
281900.000000 
281900.000000 
281900.000000 
281900.000000 
281900.000000 
281900.000000 
281900.000000 
281900.000000 
281900.000000 
281900.000000 
281900.000000 
281900.000000 
281900.000000 
281900.000000 
281900.000000 
281900.000000 
281900.000000 
281900.000000 
281900.000000 
281900.000000 
281900.000000 
281900.000000 
281900.000000 
281900.000000 
281900.000000 
281900.000000 
281900.000000 
281900.000000 
281900.000000 
281900.000000 
281900.000000 
281900.000000 
281900.000000 
281900.000000 
281900.000000 
281900.000000 
281900.000000 
281900.000000 
281900.000000 
281900.000000 
281900.000000 
281900.000000 
281900.000000 
281900.000000 
281900.000000 
281900.000000 
281900.000000 
281900.000000 
281900.000000 
281900.000000 
281900.000000 
281900.000000 
281900.000000 
281900.000000 
281900.000000 
281900.000000 
281900.000000 
281900.000000 
281900.000000 
281900.000000 
281900.000000 
281900.000000 
281900.000000 
281900.000000 
281900.000000 
281900.000000 
281900.000000 
281900.000000 
281900.000000 
281900.000000 
281900.000000 
281900.000000 
281900.000000 
281900.000000 
281900.000000 
281900.000000 
281900.000000 
281900.000000 
281900.000000 
281900.000000 
281900.000000 
281900.000000 
281900.000000 
281900.000000 
281900.000000 
281900.000000 
281900.000000 
281900.000000 
281900.000000 
281900.000000 
281900.000000 
281900.000000 
281900.000000 
281900.000000 
281900.000000 
281900.000000 
281900.000000 
281900.000000 
281900.000000 
281900.000000 
281900.000000 
281900.000000 
281900.000000 
281900.000000 
281900.000000 
281900.000000 
281900.000000 
281900.000000 
281900.000000 
281900.000000 
281900.000000 
281900.000000 
281900.000000 
281900.000000 
281900.000000 
281900.000000 
281900.000000 
281900.000000 
281900.000000 
281900.000000 
281900.000000 
281900.000000 
281900.000000 
281900.000000 
281900.000000 
281900.000000 
281900.000000 
281900.000000 
281900.000000 
281900.000000 
281900.000000 
281900.000000 
281900.000000 
281900.000000 
281900.000000 
281900.000000 
281900.000000 
281900.000000 
281900.000000 
281900.000000 
281900.000000 
281900.000000 
281900.000000 
281900.000000 
281900.000000 
281900.000000 
281900.000000 
281900.000000 
281900.000000 
281900.000000 
281900.000000 
281900.000000 
281900.000000 
281900.000000 
281900.000000 
281900.000000 
281900.000000 
281900.000000 
281900.000000 
281900.000000 
281900.000000 
281900.000000 
281900.000000 
281900.000000 
281900.000000 
281900.000000 
281900.000000 
281900.000000 
281900.000000 
281900.000000 
281900.000000 
281900.000000 
281900.000000 
281900.000000 
281900.000000 
281900.000000 
281900.000000 
281900.000000 
281900.000000 
281900.000000 
281900.000000 
281900.000000 
281900.000000 
281900.000000 
281900.000000 
281900.000000 
281900.000000 
281900.000000 
281900.000000 
281900.000000 
281900.000000 
281900.000000 
281900.000000 
281900.000000 
281900.000000 
281900.000000 
281900.000000 
281900.000000 
281900.000000 
281900.000000 
281900.000000 
281900.000000 
281900.000000 
281900.000000 
281900.000000 
281900.000000 
281900.000000 
281900.000000 
281900.000000 
281900.000000 
281900.000000 
281900.000000 
281900.000000 
281900.000000 
281900.000000 
281900.000000 
281900.000000 
281900.000000 
281900.000000 
281900.000000 
281900.000000 
281900.000000 
281900.000000 
281900.000000 
281900.000000 
281900.000000 
281900.000000 
281900.000000 
281900.000000 
281900.000000 
281900.000000 
281900.000000 
281900.000000 
281900.000000 
281900.000000 
281900.000000 
281900.000000 
281900.000000 
281900.000000 
281900.000000 
281900.000000 
281900.000000 
281900.000000 
281900.000000 
281900.000000 
281900.000000 
281900.000000 
281900.000000 
281900.000000 
281900.000000 
281900.000000 
281900.000000 
281900.000000 
281900.000000 
281900.000000 
281900.000000 
281900.000000 
281900.000000 
281900.000000 
281900.000000 
281900.000000 
281900.000000 
281900.000000 
281900.000000 
281900.000000 
281900.000000 
281900.000000 
281900.000000 
281900.000000 
281900.000000 
281900.000000 
281900.000000 
281900.000000 
281900.000000 
281900.000000 
281900.000000 
281900.000000 
281900.000000 
281900.000000 
281900.000000 
281900.000000 
281900.000000 
281900.000000 
281900.000000 
281900.000000 
281900.000000 
281900.000000 
281900.000000 
281900.000000 
281900.000000 
281900.000000 
281900.000000 
