20900.000000 
20900.000000 
21100.000000 
21300.000000 
21500.000000 
21700.000000 
21900.000000 
22100.000000 
22300.000000 
22500.000000 
22700.000000 
22900.000000 
23100.000000 
23300.000000 
23500.000000 
23700.000000 
23900.000000 
24100.000000 
24300.000000 
24500.000000 
24700.000000 
24900.000000 
25100.000000 
25300.000000 
25500.000000 
25700.000000 
25900.000000 
26100.000000 
26300.000000 
26500.000000 
26700.000000 
26900.000000 
27100.000000 
27300.000000 
27500.000000 
27700.000000 
27900.000000 
28100.000000 
28300.000000 
28500.000000 
28700.000000 
28900.000000 
29100.000000 
29300.000000 
29500.000000 
29700.000000 
29900.000000 
30100.000000 
30300.000000 
30500.000000 
30700.000000 
30900.000000 
31100.000000 
31300.000000 
31500.000000 
31700.000000 
31900.000000 
32100.000000 
32300.000000 
32500.000000 
32700.000000 
32900.000000 
33100.000000 
33300.000000 
33500.000000 
33700.000000 
33900.000000 
34100.000000 
34300.000000 
34500.000000 
34700.000000 
34900.000000 
35100.000000 
35300.000000 
35500.000000 
35700.000000 
35900.000000 
36100.000000 
36300.000000 
36500.000000 
36700.000000 
36900.000000 
37100.000000 
37300.000000 
37500.000000 
37700.000000 
37900.000000 
38100.000000 
38300.000000 
38500.000000 
38700.000000 
38900.000000 
39100.000000 
39300.000000 
39500.000000 
39700.000000 
39900.000000 
40100.000000 
40300.000000 
40500.000000 
40700.000000 
40900.000000 
41100.000000 
41300.000000 
41500.000000 
41700.000000 
41900.000000 
42100.000000 
42300.000000 
42500.000000 
42700.000000 
42900.000000 
43100.000000 
43300.000000 
43500.000000 
43700.000000 
43900.000000 
44100.000000 
44300.000000 
44500.000000 
44700.000000 
44900.000000 
45100.000000 
45300.000000 
45500.000000 
45700.000000 
45900.000000 
46100.000000 
46300.000000 
46500.000000 
46700.000000 
46900.000000 
47100.000000 
47300.000000 
47500.000000 
47700.000000 
47900.000000 
48100.000000 
48300.000000 
48500.000000 
48700.000000 
48900.000000 
49100.000000 
49300.000000 
49500.000000 
49700.000000 
49900.000000 
50100.000000 
50300.000000 
50500.000000 
50700.000000 
50900.000000 
51100.000000 
51300.000000 
51500.000000 
51700.000000 
51900.000000 
52100.000000 
52300.000000 
52500.000000 
52700.000000 
52900.000000 
53100.000000 
53300.000000 
53500.000000 
53700.000000 
53900.000000 
54100.000000 
54300.000000 
54500.000000 
54700.000000 
54900.000000 
55100.000000 
55300.000000 
55500.000000 
55700.000000 
55900.000000 
56100.000000 
56300.000000 
56500.000000 
56700.000000 
56900.000000 
57100.000000 
57300.000000 
57500.000000 
57700.000000 
57900.000000 
58100.000000 
58300.000000 
58500.000000 
58700.000000 
58900.000000 
59100.000000 
59300.000000 
59500.000000 
59700.000000 
59900.000000 
60100.000000 
60300.000000 
60500.000000 
60700.000000 
60900.000000 
61100.000000 
61300.000000 
61500.000000 
61700.000000 
61900.000000 
62100.000000 
62300.000000 
62500.000000 
62700.000000 
62900.000000 
63100.000000 
63300.000000 
63500.000000 
63700.000000 
63900.000000 
64100.000000 
64300.000000 
64500.000000 
64700.000000 
64900.000000 
65100.000000 
65300.000000 
65500.000000 
65700.000000 
65900.000000 
66100.000000 
66300.000000 
66500.000000 
66700.000000 
66900.000000 
67100.000000 
67300.000000 
67500.000000 
67700.000000 
67900.000000 
68100.000000 
68300.000000 
68500.000000 
68700.000000 
68900.000000 
69100.000000 
69300.000000 
69500.000000 
69700.000000 
69900.000000 
70100.000000 
70300.000000 
70500.000000 
70700.000000 
70900.000000 
71100.000000 
71300.000000 
71500.000000 
71700.000000 
71900.000000 
72100.000000 
72300.000000 
72500.000000 
72700.000000 
72900.000000 
73100.000000 
73300.000000 
73500.000000 
73700.000000 
73900.000000 
74100.000000 
74300.000000 
74500.000000 
74700.000000 
74900.000000 
75100.000000 
75300.000000 
75500.000000 
75700.000000 
75900.000000 
76100.000000 
76300.000000 
76500.000000 
76700.000000 
76900.000000 
77100.000000 
77300.000000 
77500.000000 
77700.000000 
77900.000000 
78100.000000 
78300.000000 
78500.000000 
78700.000000 
78900.000000 
79100.000000 
79300.000000 
79500.000000 
79700.000000 
79900.000000 
80100.000000 
80300.000000 
80500.000000 
80700.000000 
81000.000000 
81300.000000 
81600.000000 
81900.000000 
82400.000000 
82900.000000 
83400.000000 
83900.000000 
84400.000000 
84900.000000 
85400.000000 
85900.000000 
86400.000000 
86900.000000 
87400.000000 
87900.000000 
88400.000000 
88900.000000 
89400.000000 
89900.000000 
90400.000000 
90900.000000 
91400.000000 
91900.000000 
92400.000000 
92900.000000 
93400.000000 
93900.000000 
94400.000000 
94900.000000 
95400.000000 
95900.000000 
96400.000000 
96900.000000 
97400.000000 
97900.000000 
98400.000000 
98900.000000 
99400.000000 
99900.000000 
100400.000000 
100900.000000 
101400.000000 
101900.000000 
102400.000000 
102900.000000 
103400.000000 
103900.000000 
104400.000000 
104900.000000 
105400.000000 
105900.000000 
106400.000000 
106900.000000 
107400.000000 
107900.000000 
108400.000000 
108900.000000 
109400.000000 
109900.000000 
110400.000000 
110900.000000 
111400.000000 
111900.000000 
112400.000000 
112900.000000 
113400.000000 
113900.000000 
114400.000000 
114900.000000 
115400.000000 
115900.000000 
116400.000000 
116900.000000 
117400.000000 
117900.000000 
118400.000000 
118900.000000 
119400.000000 
119900.000000 
120400.000000 
120900.000000 
121400.000000 
121900.000000 
122400.000000 
122900.000000 
123400.000000 
123900.000000 
124400.000000 
124900.000000 
125400.000000 
125900.000000 
126400.000000 
126900.000000 
127400.000000 
127900.000000 
128400.000000 
128900.000000 
129400.000000 
129900.000000 
130400.000000 
130900.000000 
131400.000000 
131900.000000 
132400.000000 
132900.000000 
133400.000000 
133900.000000 
134400.000000 
134900.000000 
135400.000000 
135900.000000 
136400.000000 
136900.000000 
137400.000000 
137900.000000 
138400.000000 
138900.000000 
139400.000000 
139900.000000 
140400.000000 
140900.000000 
141400.000000 
141900.000000 
142400.000000 
142900.000000 
143400.000000 
143900.000000 
144400.000000 
144900.000000 
145400.000000 
145900.000000 
146400.000000 
146900.000000 
147400.000000 
147900.000000 
148400.000000 
148900.000000 
149400.000000 
149900.000000 
150400.000000 
150900.000000 
151400.000000 
151900.000000 
152400.000000 
152900.000000 
153400.000000 
153900.000000 
154400.000000 
154900.000000 
155400.000000 
155900.000000 
156400.000000 
156900.000000 
157400.000000 
157900.000000 
158400.000000 
158900.000000 
159400.000000 
159900.000000 
160400.000000 
160900.000000 
161400.000000 
161900.000000 
162400.000000 
162900.000000 
163400.000000 
163900.000000 
164400.000000 
164900.000000 
165400.000000 
165900.000000 
166400.000000 
166900.000000 
167400.000000 
167900.000000 
168400.000000 
168900.000000 
169400.000000 
169900.000000 
170400.000000 
170900.000000 
171400.000000 
171900.000000 
172400.000000 
172900.000000 
173400.000000 
173900.000000 
174400.000000 
174900.000000 
175400.000000 
175900.000000 
176400.000000 
176900.000000 
177400.000000 
177900.000000 
178400.000000 
178900.000000 
179400.000000 
179900.000000 
180400.000000 
180900.000000 
181400.000000 
181900.000000 
182400.000000 
182900.000000 
183400.000000 
183900.000000 
184400.000000 
184900.000000 
185400.000000 
185900.000000 
186400.000000 
186900.000000 
187400.000000 
187900.000000 
188400.000000 
188900.000000 
189400.000000 
189900.000000 
190400.000000 
190900.000000 
191400.000000 
191900.000000 
192400.000000 
192900.000000 
193400.000000 
193900.000000 
194400.000000 
194900.000000 
195400.000000 
195900.000000 
196400.000000 
196900.000000 
197400.000000 
197900.000000 
198400.000000 
198900.000000 
199400.000000 
199900.000000 
200400.000000 
200900.000000 
201400.000000 
201900.000000 
202400.000000 
202900.000000 
203400.000000 
203900.000000 
204400.000000 
204900.000000 
205400.000000 
205900.000000 
206400.000000 
206900.000000 
207400.000000 
207900.000000 
208400.000000 
208900.000000 
209400.000000 
209900.000000 
210400.000000 
210900.000000 
211400.000000 
211900.000000 
212400.000000 
212900.000000 
213400.000000 
213900.000000 
214400.000000 
214900.000000 
215400.000000 
215900.000000 
216400.000000 
216900.000000 
217400.000000 
217900.000000 
218400.000000 
218900.000000 
219400.000000 
219900.000000 
220400.000000 
220900.000000 
221400.000000 
221900.000000 
222400.000000 
222900.000000 
223400.000000 
223900.000000 
224400.000000 
224900.000000 
225400.000000 
225900.000000 
226400.000000 
226900.000000 
227400.000000 
227900.000000 
228400.000000 
228900.000000 
229400.000000 
229900.000000 
230400.000000 
230900.000000 
231400.000000 
231900.000000 
232400.000000 
232900.000000 
233400.000000 
233900.000000 
234400.000000 
234900.000000 
235400.000000 
235900.000000 
236400.000000 
236900.000000 
237400.000000 
237900.000000 
238400.000000 
238900.000000 
239400.000000 
239900.000000 
240400.000000 
240900.000000 
241400.000000 
241900.000000 
242400.000000 
242900.000000 
243400.000000 
243900.000000 
244400.000000 
244900.000000 
245400.000000 
245900.000000 
246400.000000 
246900.000000 
247400.000000 
247900.000000 
248400.000000 
248900.000000 
249400.000000 
249900.000000 
250400.000000 
250900.000000 
251400.000000 
251900.000000 
252400.000000 
252900.000000 
253400.000000 
253900.000000 
254400.000000 
254900.000000 
255400.000000 
255900.000000 
256400.000000 
256900.000000 
257400.000000 
257900.000000 
258400.000000 
258900.000000 
259400.000000 
259900.000000 
260400.000000 
260900.000000 
261400.000000 
261900.000000 
262400.000000 
262900.000000 
263400.000000 
263900.000000 
264400.000000 
264900.000000 
265400.000000 
265900.000000 
266400.000000 
266900.000000 
267400.000000 
267900.000000 
268400.000000 
268900.000000 
269400.000000 
269900.000000 
270400.000000 
270900.000000 
271400.000000 
271900.000000 
272400.000000 
272900.000000 
273400.000000 
273900.000000 
274400.000000 
274900.000000 
275400.000000 
275900.000000 
276400.000000 
276900.000000 
277400.000000 
277900.000000 
278400.000000 
278900.000000 
279400.000000 
279900.000000 
280400.000000 
280900.000000 
281400.000000 
281900.000000 
281900.000000 
281900.000000 
281900.000000 
281900.000000 
281900.000000 
281900.000000 
281900.000000 
281900.000000 
281900.000000 
281900.000000 
281900.000000 
281900.000000 
281900.000000 
281900.000000 
281900.000000 
281900.000000 
281900.000000 
281900.000000 
281900.000000 
281900.000000 
281900.000000 
281900.000000 
281900.000000 
281900.000000 
281900.000000 
281900.000000 
281900.000000 
281900.000000 
281900.000000 
281900.000000 
281900.000000 
281900.000000 
281900.000000 
281900.000000 
281900.000000 
281900.000000 
281900.000000 
281900.000000 
281900.000000 
281900.000000 
281900.000000 
281900.000000 
281900.000000 
281900.000000 
281900.000000 
281900.000000 
281900.000000 
281900.000000 
281900.000000 
281900.000000 
281900.000000 
281900.000000 
281900.000000 
281900.000000 
281900.000000 
281900.000000 
281900.000000 
281900.000000 
281900.000000 
281900.000000 
281900.000000 
281900.000000 
281900.000000 
281900.000000 
281900.000000 
281900.000000 
281900.000000 
281900.000000 
281900.000000 
281900.000000 
281900.000000 
281900.000000 
281900.000000 
281900.000000 
281900.000000 
281900.000000 
281900.000000 
281900.000000 
281900.000000 
281900.000000 
281900.000000 
281900.000000 
281900.000000 
281900.000000 
281900.000000 
281900.000000 
281900.000000 
281900.000000 
281900.000000 
281900.000000 
281900.000000 
281900.000000 
281900.000000 
281900.000000 
281900.000000 
281900.000000 
281900.000000 
281900.000000 
281900.000000 
281900.000000 
281900.000000 
281900.000000 
281900.000000 
281900.000000 
281900.000000 
281900.000000 
281900.000000 
281900.000000 
281900.000000 
281900.000000 
281900.000000 
281900.000000 
281900.000000 
281900.000000 
281900.000000 
281900.000000 
281900.000000 
281900.000000 
281900.000000 
281900.000000 
281900.000000 
281900.000000 
281900.000000 
281900.000000 
281900.000000 
281900.000000 
281900.000000 
281900.000000 
281900.000000 
281900.000000 
281900.000000 
281900.000000 
281900.000000 
281900.000000 
281900.000000 
281900.000000 
281900.000000 
281900.000000 
281900.000000 
281900.000000 
281900.000000 
281900.000000 
281900.000000 
281900.000000 
281900.000000 
281900.000000 
281900.000000 
281900.000000 
281900.000000 
281900.000000 
281900.000000 
281900.000000 
281900.000000 
281900.000000 
281900.000000 
281900.000000 
281900.000000 
281900.000000 
281900.000000 
281900.000000 
281900.000000 
281900.000000 
281900.000000 
281900.000000 
281900.000000 
281900.000000 
281900.000000 
281900.000000 
281900.000000 
281900.000000 
281900.000000 
281900.000000 
281900.000000 
281900.000000 
281900.000000 
281900.000000 
281900.000000 
281900.000000 
281900.000000 
281900.000000 
281900.000000 
281900.000000 
281900.000000 
281900.000000 
281900.000000 
281900.000000 
281900.000000 
281900.000000 
281900.000000 
281900.000000 
281900.000000 
281900.000000 
281900.000000 
281900.000000 
281900.000000 
281900.000000 
281900.000000 
281900.000000 
281900.000000 
281900.000000 
281900.000000 
281900.000000 
281900.000000 
281900.000000 
281900.000000 
281900.000000 
281900.000000 
281900.000000 
281900.000000 
281900.000000 
281900.000000 
281900.000000 
281900.000000 
281900.000000 
281900.000000 
281900.000000 
281900.000000 
281900.000000 
281900.000000 
281900.000000 
281900.000000 
281900.000000 
281900.000000 
281900.000000 
281900.000000 
281900.000000 
281900.000000 
281900.000000 
281900.000000 
281900.000000 
281900.000000 
281900.000000 
281900.000000 
281900.000000 
281900.000000 
281900.000000 
281900.000000 
281900.000000 
281900.000000 
281900.000000 
281900.000000 
281900.000000 
281900.000000 
281900.000000 
281900.000000 
281900.000000 
281900.000000 
281900.000000 
281900.000000 
281900.000000 
281900.000000 
281900.000000 
281900.000000 
281900.000000 
281900.000000 
281900.000000 
281900.000000 
281900.000000 
281900.000000 
281900.000000 
281900.000000 
281900.000000 
281900.000000 
281900.000000 
281900.000000 
281900.000000 
281900.000000 
281900.000000 
281900.000000 
281900.000000 
281900.000000 
281900.000000 
281900.000000 
281900.000000 
281900.000000 
281900.000000 
281900.000000 
281900.000000 
281900.000000 
281900.000000 
281900.000000 
281900.000000 
281900.000000 
281900.000000 
281900.000000 
281900.000000 
281900.000000 
281900.000000 
281900.000000 
281900.000000 
281900.000000 
281900.000000 
281900.000000 
281900.000000 
281900.000000 
281900.000000 
281900.000000 
281900.000000 
281900.000000 
281900.000000 
281900.000000 
281900.000000 
281900.000000 
281900.000000 
281900.000000 
281900.000000 
281900.000000 
281900.000000 
281900.000000 
281900.000000 
281900.000000 
281900.000000 
281900.000000 
281900.000000 
281900.000000 
281900.000000 
281900.000000 
281900.000000 
281900.000000 
281900.000000 
281900.000000 
281900.000000 
281900.000000 
281900.000000 
281900.000000 
281900.000000 
281900.000000 
281900.000000 
281900.000000 
281900.000000 
281900.000000 
281900.000000 
281900.000000 
281900.000000 
281900.000000 
281900.000000 
281900.000000 
281900.000000 
281900.000000 
281900.000000 
281900.000000 
281900.000000 
281900.000000 
281900.000000 
281900.000000 
281900.000000 
281900.000000 
281900.000000 
281900.000000 
281900.000000 
281900.000000 
281900.000000 
281900.000000 
281900.000000 
281900.000000 
281900.000000 
281900.000000 
281900.000000 
281900.000000 
281900.000000 
281900.000000 
281900.000000 
281900.000000 
281900.000000 
281900.000000 
281900.000000 
281900.000000 
281900.000000 
281900.000000 
281900.000000 
281900.000000 
281900.000000 
281900.000000 
281900.000000 
281900.000000 
281900.000000 
281900.000000 
281900.000000 
281900.000000 
281900.000000 
281900.000000 
281900.000000 
281900.000000 
281900.000000 
281900.000000 
281900.000000 
281900.000000 
281900.000000 
281900.000000 
281900.000000 
281900.000000 
281900.000000 
281900.000000 
281900.000000 
281900.000000 
281900.000000 
281900.000000 
281900.000000 
281900.000000 
281900.000000 
281900.000000 
281900.000000 
281900.000000 
281900.000000 
281900.000000 
281900.000000 
281900.000000 
281900.000000 
281900.000000 
281900.000000 
281900.000000 
281900.000000 
281900.000000 
281900.000000 
281900.000000 
281900.000000 
281900.000000 
281900.000000 
281900.000000 
281900.000000 
281900.000000 
281900.000000 
281900.000000 
281900.000000 
281900.000000 
281900.000000 
281900.000000 
281900.000000 
281900.000000 
281900.000000 
281900.000000 
281900.000000 
281900.000000 
281900.000000 
281900.000000 
281900.000000 
281900.000000 
281900.000000 
281900.000000 
281900.000000 
281900.000000 
281900.000000 
281900.000000 
281900.000000 
281900.000000 
281900.000000 
281900.000000 
281900.000000 
281900.000000 
281900.000000 
281900.000000 
281900.000000 
281900.000000 
281900.000000 
281900.000000 
281900.000000 
281900.000000 
281900.000000 
281900.000000 
281900.000000 
281900.000000 
281900.000000 
281900.000000 
281900.000000 
281900.000000 
281900.000000 
281900.000000 
281900.000000 
281900.000000 
281900.000000 
281900.000000 
281900.000000 
281900.000000 
281900.000000 
281900.000000 
281900.000000 
281900.000000 
281900.000000 
281900.000000 
281900.000000 
281900.000000 
281900.000000 
281900.000000 
281900.000000 
281900.000000 
281900.000000 
281900.000000 
281900.000000 
281900.000000 
281900.000000 
281900.000000 
281900.000000 
281900.000000 
281900.000000 
281900.000000 
281900.000000 
281900.000000 
281900.000000 
281900.000000 
281900.000000 
281900.000000 
281900.000000 
281900.000000 
281900.000000 
281900.000000 
281900.000000 
281900.000000 
281900.000000 
281900.000000 
281900.000000 
281900.000000 
281900.000000 
281900.000000 
281900.000000 
281900.000000 
281900.000000 
281900.000000 
281900.000000 
281900.000000 
281900.000000 
281900.000000 
281900.000000 
281900.000000 
281900.000000 
281900.000000 
281900.000000 
281900.000000 
281900.000000 
281900.000000 
281900.000000 
281900.000000 
281900.000000 
281900.000000 
281900.000000 
281900.000000 
281900.000000 
281900.000000 
281900.000000 
281900.000000 
281900.000000 
281900.000000 
281900.000000 
281900.000000 
281900.000000 
281900.000000 
281900.000000 
281900.000000 
281900.000000 
281900.000000 
281900.000000 
281900.000000 
281900.000000 
281900.000000 
281900.000000 
281900.000000 
281900.000000 
281900.000000 
281900.000000 
281900.000000 
281900.000000 
281900.000000 
281900.000000 
281900.000000 
281900.000000 
281900.000000 
281900.000000 
281900.000000 
281900.000000 
281900.000000 
281900.000000 
281900.000000 
281900.000000 
281900.000000 
281900.000000 
281900.000000 
281900.000000 
281900.000000 
281900.000000 
281900.000000 
281900.000000 
281900.000000 
281900.000000 
281900.000000 
281900.000000 
281900.000000 
281900.000000 
281900.000000 
281900.000000 
281900.000000 
281900.000000 
281900.000000 
281900.000000 
281900.000000 
281900.000000 
281900.000000 
281900.000000 
281900.000000 
281900.000000 
281900.000000 
281900.000000 
281900.000000 
281900.000000 
281900.000000 
281900.000000 
281900.000000 
281900.000000 
281900.000000 
281900.000000 
281900.000000 
281900.000000 
281900.000000 
281900.000000 
281900.000000 
281900.000000 
281900.000000 
281900.000000 
281900.000000 
281900.000000 
281900.000000 
281900.000000 
281900.000000 
281900.000000 
281900.000000 
281900.000000 
281900.000000 
281900.000000 
281900.000000 
281900.000000 
281900.000000 
281900.000000 
281900.000000 
281900.000000 
281900.000000 
281900.000000 
281900.000000 
281900.000000 
281900.000000 
281900.000000 
281900.000000 
281900.000000 
281900.000000 
281900.000000 
281900.000000 
281900.000000 
281900.000000 
281900.000000 
281900.000000 
281900.000000 
281900.000000 
281900.000000 
281900.000000 
281900.000000 
281900.000000 
281900.000000 
281900.000000 
281900.000000 
281900.000000 
281900.000000 
281900.000000 
281900.000000 
281900.000000 
281900.000000 
281900.000000 
281900.000000 
281900.000000 
281900.000000 
281900.000000 
281900.000000 
281900.000000 
281900.000000 
281900.000000 
281900.000000 
281900.000000 
281900.000000 
281900.000000 
281900.000000 
281900.000000 
281900.000000 
281900.000000 
281900.000000 
281900.000000 
281900.000000 
281900.000000 
281900.000000 
281900.000000 
281900.000000 
281900.000000 
281900.000000 
281900.000000 
281900.000000 
281900.000000 
281900.000000 
281900.000000 
281900.000000 
281900.000000 
281900.000000 
281900.000000 
281900.000000 
281900.000000 
281900.000000 
281900.000000 
281900.000000 
281900.000000 
281900.000000 
281900.000000 
281900.000000 
281900.000000 
281900.000000 
281900.000000 
281900.000000 
281900.000000 
281900.000000 
281900.000000 
281900.000000 
281900.000000 
281900.000000 
281900.000000 
281900.000000 
281900.000000 
281900.000000 
281900.000000 
281900.000000 
281900.000000 
281900.000000 
281900.000000 
281900.000000 
281900.000000 
281900.000000 
281900.000000 
281900.000000 
281900.000000 
281900.000000 
281900.000000 
281900.000000 
281900.000000 
281900.000000 
281900.000000 
281900.000000 
281900.000000 
281900.000000 
281900.000000 
281900.000000 
281900.000000 
281900.000000 
281900.000000 
281900.000000 
281900.000000 
281900.000000 
281900.000000 
281900.000000 
281900.000000 
281900.000000 
281900.000000 
281900.000000 
281900.000000 
281900.000000 
281900.000000 
281900.000000 
281900.000000 
281900.000000 
281900.000000 
281900.000000 
281900.000000 
281900.000000 
281900.000000 
281900.000000 
281900.000000 
281900.000000 
281900.000000 
281900.000000 
281900.000000 
281900.000000 
281900.000000 
281900.000000 
281900.000000 
281900.000000 
281900.000000 
281900.000000 
281900.000000 
281900.000000 
281900.000000 
281900.000000 
281900.000000 
281900.000000 
281900.000000 
281900.000000 
281900.000000 
281900.000000 
281900.000000 
281900.000000 
281900.000000 
281900.000000 
281900.000000 
281900.000000 
281900.000000 
281900.000000 
281900.000000 
281900.000000 
281900.000000 
281900.000000 
281900.000000 
281900.000000 
281900.000000 
281900.000000 
281900.000000 
281900.000000 
281900.000000 
281900.000000 
281900.000000 
281900.000000 
281900.000000 
281900.000000 
281900.000000 
281900.000000 
281900.000000 
281900.000000 
281900.000000 
281900.000000 
281900.000000 
281900.000000 
281900.000000 
281900.000000 
281900.000000 
281900.000000 
281900.000000 
281900.000000 
281900.000000 
281900.000000 
281900.000000 
281900.000000 
281900.000000 
281900.000000 
281900.000000 
281900.000000 
281900.000000 
281900.000000 
281900.000000 
281900.000000 
281900.000000 
281900.000000 
281900.000000 
281900.000000 
281900.000000 
281900.000000 
281900.000000 
281900.000000 
281900.000000 
281900.000000 
281900.000000 
281900.000000 
281900.000000 
281900.000000 
281900.000000 
281900.000000 
281900.000000 
281900.000000 
281900.000000 
281900.000000 
281900.000000 
281900.000000 
281900.000000 
281900.000000 
281900.000000 
281900.000000 
281900.000000 
281900.000000 
281900.000000 
281900.000000 
281900.000000 
281900.000000 
281900.000000 
281900.000000 
281900.000000 
281900.000000 
281900.000000 
281900.000000 
281900.000000 
281900.000000 
281900.000000 
281900.000000 
281900.000000 
281900.000000 
281900.000000 
281900.000000 
281900.000000 
281900.000000 
281900.000000 
281900.000000 
281900.000000 
281900.000000 
281900.000000 
281900.000000 
281900.000000 
281900.000000 
281900.000000 
281900.000000 
281900.000000 
281900.000000 
281900.000000 
281900.000000 
281900.000000 
281900.000000 
281900.000000 
281900.000000 
281900.000000 
281900.000000 
281900.000000 
281900.000000 
281900.000000 
281900.000000 
281900.000000 
281900.000000 
281900.000000 
281900.000000 
281900.000000 
281900.000000 
281900.000000 
281900.000000 
281900.000000 
281900.000000 
281900.000000 
281900.000000 
281900.000000 
281900.000000 
281900.000000 
281900.000000 
281900.000000 
281900.000000 
281900.000000 
281900.000000 
281900.000000 
281900.000000 
281900.000000 
281900.000000 
281900.000000 
281900.000000 
281900.000000 
281900.000000 
281900.000000 
281900.000000 
281900.000000 
281900.000000 
281900.000000 
281900.000000 
281900.000000 
281900.000000 
281900.000000 
281900.000000 
281900.000000 
281900.000000 
281900.000000 
281900.000000 
281900.000000 
281900.000000 
281900.000000 
281900.000000 
281900.000000 
281900.000000 
281900.000000 
281900.000000 
281900.000000 
281900.000000 
281900.000000 
281900.000000 
281900.000000 
281900.000000 
281900.000000 
281900.000000 
281900.000000 
281900.000000 
281900.000000 
281900.000000 
281900.000000 
281900.000000 
281900.000000 
281900.000000 
281900.000000 
281900.000000 
281900.000000 
281900.000000 
281900.000000 
281900.000000 
281900.000000 
281900.000000 
281900.000000 
281900.000000 
281900.000000 
281900.000000 
281900.000000 
281900.000000 
281900.000000 
281900.000000 
281900.000000 
281900.000000 
281900.000000 
281900.000000 
281900.000000 
281900.000000 
281900.000000 
281900.000000 
281900.000000 
281900.000000 
281900.000000 
281900.000000 
281900.000000 
281900.000000 
281900.000000 
281900.000000 
281900.000000 
281900.000000 
281900.000000 
281900.000000 
281900.000000 
281900.000000 
281900.000000 
281900.000000 
281900.000000 
281900.000000 
281900.000000 
281900.000000 
281900.000000 
281900.000000 
281900.000000 
281900.000000 
281900.000000 
281900.000000 
281900.000000 
281900.000000 
281900.000000 
281900.000000 
281900.000000 
281900.000000 
281900.000000 
281900.000000 
281900.000000 
281900.000000 
281900.000000 
281900.000000 
281900.000000 
281900.000000 
281900.000000 
281900.000000 
281900.000000 
281900.000000 
281900.000000 
281900.000000 
281900.000000 
281900.000000 
281900.000000 
281900.000000 
281900.000000 
281900.000000 
281900.000000 
281900.000000 
281900.000000 
281900.000000 
281900.000000 
281900.000000 
281900.000000 
281900.000000 
281900.000000 
281900.000000 
281900.000000 
281900.000000 
281900.000000 
281900.000000 
281900.000000 
281900.000000 
281900.000000 
281900.000000 
281900.000000 
281900.000000 
281900.000000 
281900.000000 
281900.000000 
281900.000000 
281900.000000 
281900.000000 
281900.000000 
281900.000000 
281900.000000 
281900.000000 
281900.000000 
281900.000000 
281900.000000 
281900.000000 
281900.000000 
281900.000000 
281900.000000 
281900.000000 
281900.000000 
281900.000000 
281900.000000 
281900.000000 
281900.000000 
281900.000000 
281900.000000 
281900.000000 
281900.000000 
281900.000000 
281900.000000 
281900.000000 
281900.000000 
281900.000000 
281900.000000 
281900.000000 
281900.000000 
281900.000000 
281900.000000 
281900.000000 
281900.000000 
281900.000000 
281900.000000 
281900.000000 
281900.000000 
281900.000000 
281900.000000 
281900.000000 
281900.000000 
281900.000000 
281900.000000 
281900.000000 
281900.000000 
281900.000000 
281900.000000 
281900.000000 
281900.000000 
281900.000000 
281900.000000 
281900.000000 
281900.000000 
281900.000000 
281900.000000 
281900.000000 
281900.000000 
281900.000000 
281900.000000 
281900.000000 
281900.000000 
281900.000000 
281900.000000 
281900.000000 
281900.000000 
281900.000000 
281900.000000 
281900.000000 
281900.000000 
281900.000000 
281900.000000 
281900.000000 
281900.000000 
281900.000000 
281900.000000 
281900.000000 
281900.000000 
281900.000000 
281900.000000 
281900.000000 
281900.000000 
281900.000000 
281900.000000 
281900.000000 
281900.000000 
281900.000000 
281900.000000 
281900.000000 
281900.000000 
281900.000000 
281900.000000 
281900.000000 
281900.000000 
281900.000000 
281900.000000 
281900.000000 
281900.000000 
281900.000000 
281900.000000 
281900.000000 
281900.000000 
281900.000000 
281900.000000 
281900.000000 
281900.000000 
281900.000000 
281900.000000 
281900.000000 
281900.000000 
281900.000000 
281900.000000 
281900.000000 
281900.000000 
281900.000000 
281900.000000 
281900.000000 
281900.000000 
281900.000000 
281900.000000 
281900.000000 
281900.000000 
281900.000000 
281900.000000 
281900.000000 
281900.000000 
281900.000000 
281900.000000 
281900.000000 
281900.000000 
281900.000000 
281900.000000 
281900.000000 
281900.000000 
281900.000000 
281900.000000 
281900.000000 
281900.000000 
281900.000000 
281900.000000 
281900.000000 
281900.000000 
281900.000000 
281900.000000 
281900.000000 
281900.000000 
281900.000000 
281900.000000 
281900.000000 
281900.000000 
281900.000000 
281900.000000 
281900.000000 
281900.000000 
281900.000000 
281900.000000 
281900.000000 
281900.000000 
281900.000000 
281900.000000 
281900.000000 
281900.000000 
281900.000000 
281900.000000 
281900.000000 
281900.000000 
281900.000000 
281900.000000 
281900.000000 
281900.000000 
281900.000000 
281900.000000 
281900.000000 
281900.000000 
281900.000000 
281900.000000 
281900.000000 
281900.000000 
281900.000000 
281900.000000 
281900.000000 
281900.000000 
281900.000000 
281900.000000 
281900.000000 
281900.000000 
281900.000000 
281900.000000 
281900.000000 
281900.000000 
281900.000000 
281900.000000 
281900.000000 
281900.000000 
281900.000000 
281900.000000 
281900.000000 
281900.000000 
281900.000000 
281900.000000 
281900.000000 
281900.000000 
281900.000000 
281900.000000 
281900.000000 
281900.000000 
281900.000000 
281900.000000 
281900.000000 
281900.000000 
281900.000000 
281900.000000 
281900.000000 
281900.000000 
281900.000000 
281900.000000 
281900.000000 
281900.000000 
